20 20
0.00422576363474 4.83365242968e-05 1.70093982436e-05 -0.000195161395007 -0.000201818784904 0.000162400674908 6.45432722331e-05 0.000173069620069 -8.71202452112e-05 1.76739554178e-05 0.00023008584183 -0.000114871381886 0.000183886781129 0.000155762279204 -0.000100755527329 -2.97702965927e-05 2.20725433509e-05 5.9249103109e-05 5.37349173385e-05 -2.77475483465e-05 
4.83365242968e-05 0.00382885850399 4.32754286761e-06 -1.94668727944e-05 -0.000210434249882 4.80533827628e-06 3.99243126005e-05 8.7665213505e-05 -1.35989188675e-05 -1.26090451129e-05 -6.15953676287e-05 6.56223574234e-05 -0.000101102014849 -4.65942090515e-05 -6.87254380689e-06 0.00018222899392 2.00883530485e-05 7.53113436359e-05 -0.000197081455283 -0.000135736658407 
1.70093982436e-05 4.32754286761e-06 0.00510515638634 -6.46733040273e-05 9.77871219284e-06 -2.34957037861e-06 -0.00013299533121 -0.0001220810063 -0.000235718061983 0.000112478448594 -8.43937421916e-05 0.000393925293346 5.17086906114e-05 -0.000147348142455 -0.000113876285541 -3.84014401984e-05 -0.000148553988469 -0.00016733042095 0.000119774338198 6.65806841937e-05 
-0.000195161395007 -1.94668727944e-05 -6.46733040273e-05 0.00478365192108 0.000184684291911 0.00010952845761 4.54048894058e-05 0.000176311595014 5.11736677981e-05 -6.50597854694e-05 -0.000233606865507 -0.000174568669233 -7.31017470024e-05 -0.000181115818006 -0.000135281324891 0.000164320688996 0.000206803758667 -4.02136995836e-05 0.000246368737895 2.26562931954e-05 
-0.000201818784904 -0.000210434249882 9.77871219284e-06 0.000184684291911 0.00371250626885 6.17266268146e-05 -9.685452432e-05 8.31741367911e-05 -0.000198612741935 -3.46854170196e-05 6.84875724478e-06 -6.9097845493e-05 -1.49685026434e-05 6.21290984922e-05 5.192853314e-05 7.99450031427e-05 -5.03194060447e-05 4.69112120085e-05 -2.53306639209e-05 0.000125963107804 
0.000162400674908 4.80533827628e-06 -2.34957037861e-06 0.00010952845761 6.17266268146e-05 0.00430769586921 -0.000196431133625 -0.000234163636069 -0.000111816692833 -0.000179396835196 -2.72795428733e-05 -0.000237852961034 3.39096993205e-05 3.44136324292e-05 0.000282520981371 -6.02210259794e-05 -0.000102268280998 -0.000153073881239 0.00021669098072 0.000139686075416 
6.45432722331e-05 3.99243126005e-05 -0.00013299533121 4.54048894058e-05 -9.685452432e-05 -0.000196431133625 0.00451168399 -2.44276468585e-05 6.02719823797e-05 4.52856140385e-05 -1.33716040016e-05 -0.000108072606294 -0.000343978560182 0.000295817834584 -5.52048411022e-05 8.85033585346e-05 0.00014526213311 -6.27293811036e-05 5.97324478412e-05 -0.000170492720778 
0.000173069620069 8.7665213505e-05 -0.0001220810063 0.000176311595014 8.31741367911e-05 -0.000234163636069 -2.44276468585e-05 0.0040024715505 -0.000335519410234 2.59284086216e-05 8.28643899551e-05 -0.000131657886352 7.3627459416e-05 0.000303103104111 5.62350848765e-05 0.000252075803477 -9.90732006301e-05 -2.26085369477e-05 -0.000215392292618 -0.000162033150929 
-8.71202452112e-05 -1.35989188675e-05 -0.000235718061983 5.11736677981e-05 -0.000198612741935 -0.000111816692833 6.02719823797e-05 -0.000335519410234 0.00615436459818 6.09889824836e-05 -7.27143228048e-06 0.000196354133015 3.37477046579e-05 -0.000163151099809 -0.000141174068569 0.000614395281296 -6.40204412207e-05 0.000209082726383 0.000138619085492 -1.84874292858e-05 
1.76739554178e-05 -1.26090451129e-05 0.000112478448594 -6.50597854694e-05 -3.46854170196e-05 -0.000179396835196 4.52856140385e-05 2.59284086216e-05 6.09889824836e-05 0.00319425895067 7.75773011754e-05 8.76198280021e-05 -3.36454976893e-05 7.4580563659e-05 6.2429862951e-05 -7.39690550816e-05 -2.55947722851e-05 -0.000165595591001 7.60055249408e-05 0.00011981853241 
0.00023008584183 -6.15953676287e-05 -8.43937421916e-05 -0.000233606865507 6.84875724478e-06 -2.72795428733e-05 -1.33716040016e-05 8.28643899551e-05 -7.27143228048e-06 7.75773011754e-05 0.00375905867678 -1.41151834673e-05 -2.02258841985e-05 9.19067624402e-05 -9.52623626064e-06 2.12888289797e-05 1.37225251575e-05 -4.62334849146e-06 4.24015538559e-05 0.000178566183299 
-0.000114871381886 6.56223574234e-05 0.000393925293346 -0.000174568669233 -6.9097845493e-05 -0.000237852961034 -0.000108072606294 -0.000131657886352 0.000196354133015 8.76198280021e-05 -1.41151834673e-05 0.0039013757394 -7.55155810653e-05 -1.69256345414e-05 4.01364639746e-06 4.67924359815e-05 -0.000137226606864 6.939707185e-06 8.82167248263e-05 7.28930528116e-06 
0.000183886781129 -0.000101102014849 5.17086906114e-05 -7.31017470024e-05 -1.49685026434e-05 3.39096993205e-05 -0.000343978560182 7.3627459416e-05 3.37477046579e-05 -3.36454976893e-05 -2.02258841985e-05 -7.55155810653e-05 0.00500613409614 -0.000122042645522 -5.6969641799e-05 -4.66446623039e-05 8.27600749677e-05 -1.07563769645e-05 0.000158141941066 0.000143020257581 
0.000155762279204 -4.65942090515e-05 -0.000147348142455 -0.000181115818006 6.21290984922e-05 3.44136324292e-05 0.000295817834584 0.000303103104111 -0.000163151099809 7.4580563659e-05 9.19067624402e-05 -1.69256345414e-05 -0.000122042645522 0.00388309067447 -0.000106729260722 9.00990491418e-05 -4.01969463977e-05 0.000128953510779 3.15682531059e-05 0.000138567596165 
-0.000100755527329 -6.87254380689e-06 -0.000113876285541 -0.000135281324891 5.192853314e-05 0.000282520981371 -5.52048411022e-05 5.62350848765e-05 -0.000141174068569 6.2429862951e-05 -9.52623626064e-06 4.01364639746e-06 -5.6969641799e-05 -0.000106729260722 0.00473795621996 1.3705786295e-05 -7.40094471264e-05 -8.778357325e-05 -0.000148669511148 3.9900706799e-05 
-2.97702965927e-05 0.00018222899392 -3.84014401984e-05 0.000164320688996 7.99450031427e-05 -6.02210259794e-05 8.85033585346e-05 0.000252075803477 0.000614395281296 -7.39690550816e-05 2.12888289797e-05 4.67924359815e-05 -4.66446623039e-05 9.00990491418e-05 1.3705786295e-05 0.00550323207734 -0.000181907665718 0.000132026982097 0.000155870016501 2.55227510574e-05 
2.20725433509e-05 2.00883530485e-05 -0.000148553988469 0.000206803758667 -5.03194060447e-05 -0.000102268280998 0.00014526213311 -9.90732006301e-05 -6.40204412207e-05 -2.55947722851e-05 1.37225251575e-05 -0.000137226606864 8.27600749677e-05 -4.01969463977e-05 -7.40094471264e-05 -0.000181907665718 0.00369725976283 -7.87116780591e-06 7.8693545716e-05 -3.73634520079e-05 
5.9249103109e-05 7.53113436359e-05 -0.00016733042095 -4.02136995836e-05 4.69112120085e-05 -0.000153073881239 -6.27293811036e-05 -2.26085369477e-05 0.000209082726383 -0.000165595591001 -4.62334849146e-06 6.939707185e-06 -1.07563769645e-05 0.000128953510779 -8.778357325e-05 0.000132026982097 -7.87116780591e-06 0.00440681791332 6.07891991573e-05 -0.000273836677488 
5.37349173385e-05 -0.000197081455283 0.000119774338198 0.000246368737895 -2.53306639209e-05 0.00021669098072 5.97324478412e-05 -0.000215392292618 0.000138619085492 7.60055249408e-05 4.24015538559e-05 8.82167248263e-05 0.000158141941066 3.15682531059e-05 -0.000148669511148 0.000155870016501 7.8693545716e-05 6.07891991573e-05 0.00310776149453 -6.06804818889e-05 
-2.77475483465e-05 -0.000135736658407 6.65806841937e-05 2.26562931954e-05 0.000125963107804 0.000139686075416 -0.000170492720778 -0.000162033150929 -1.84874292858e-05 0.00011981853241 0.000178566183299 7.28930528116e-06 0.000143020257581 0.000138567596165 3.9900706799e-05 2.55227510574e-05 -3.73634520079e-05 -0.000273836677488 -6.06804818889e-05 0.00511519282215 
20
0.000182868499524 0.000172581425037 0.000589318960215 0.00413315819324 0.00355519046205 -3.95413926916e-05 0.00234011465462 0.00415626688302 0.00351987701293 0.00188055823025 0.00366831206344 0.00174311950212 0.00310243226966 0.00199615195143 0.00158647959187 0.00550735654558 0.000654865618572 0.00348612464632 0.00137489430808 0.000120079255955 
20
-0.00367391978154 0.0653049205894 0.19613596245 0.848685943238 0.91894115202 0.10228329915 0.560810396868 0.956880916853 0.532770922507 0.595869166006 0.991740181382 0.502049518734 0.6812650335 0.405625034535 0.393902453021 0.828679856109 0.218019042805 0.778851489307 0.279377588174 0.00444673803771 