50 50
0.002511320966 0.000132112934314 -1.84874347713e-05 8.35106128277e-05 -6.57796406593e-06 -2.25298708452e-05 1.14591329142e-06 -4.77876328774e-05 6.97981575127e-05 -5.14921615662e-05 0.000139731582387 4.26988620743e-05 8.85234567368e-06 4.07566906487e-05 5.72220428522e-05 3.31918392441e-05 1.71144419199e-05 -7.13896710786e-05 -3.07426535132e-05 -8.7250843334e-06 -0.0001467876343 2.95331954325e-06 -1.93591355475e-05 9.22047156931e-05 -1.57686279534e-05 -7.15753471434e-05 -0.000153094771398 7.3509474873e-08 3.88916040141e-05 -2.44200473044e-05 1.75208730589e-05 -2.15220452156e-05 -1.17518162668e-05 2.11613926694e-05 8.98273675115e-05 -9.58273203249e-05 -6.01138196348e-05 -5.28204725472e-05 1.70630148449e-05 5.13255434133e-05 -7.49247696452e-05 3.28999798642e-05 6.26257734159e-05 -1.95734498477e-05 3.09066636796e-05 -9.15078514459e-05 -1.05729842319e-05 -6.42729932582e-05 -4.14116761762e-05 -2.80620151205e-05 
0.000132112934314 0.00176587165669 -3.48117656991e-05 -8.4624983126e-05 6.7777102684e-05 8.72148922841e-05 -7.67181453572e-05 3.61178249996e-05 -2.73502687368e-05 -5.82429841395e-05 9.25288771851e-05 -9.73374314265e-05 6.30804558107e-05 -4.16462342494e-05 6.19417548315e-06 -2.63647707925e-05 4.55786296872e-05 -7.49608029817e-06 9.12849317716e-05 -4.25477653039e-05 -4.1550646558e-05 1.09340433316e-05 -4.09303947772e-06 1.5571999262e-05 3.16033735908e-05 -1.37544262825e-05 9.49670427997e-05 2.23709370361e-05 1.66533963472e-05 -4.53511835724e-06 -4.14555762512e-05 1.88505457257e-05 8.9251520808e-05 -1.64313882299e-05 8.41007751657e-05 -3.05209910423e-05 -2.51864688107e-06 3.05016676252e-05 7.16230884209e-05 -6.69812719817e-05 4.37530966158e-05 6.78990344974e-05 4.81085952234e-05 -5.80681477714e-06 -4.66973701415e-05 9.03580093869e-05 5.94060461485e-05 4.79741958417e-05 -0.000169503660499 4.009326678e-05 
-1.84874347713e-05 -3.48117656991e-05 0.00182984703307 5.66160534774e-05 7.12054883936e-05 8.76306256478e-05 1.90910637197e-05 1.82733192436e-05 -4.87377830491e-05 -2.13248750855e-05 4.80863298533e-05 -6.09377177045e-05 2.87877316015e-05 -2.02574530896e-05 -7.64879321779e-05 -5.29239334575e-05 -3.47457061179e-05 -4.32473340439e-05 3.97972155774e-05 4.06933198871e-05 2.8946996487e-05 -3.49540439639e-05 -6.78528329267e-06 4.13150495536e-05 -4.16151242359e-05 -1.9874447912e-05 3.44384324298e-05 4.47505529638e-05 -5.13404910216e-05 1.21279034656e-07 1.64626314757e-05 7.15876742995e-05 -1.70458219545e-05 4.19044913581e-05 -6.19107808377e-05 3.87008885541e-05 -1.42750100106e-05 -4.31358270274e-05 5.55403026913e-05 -1.44191933418e-06 2.46686763093e-05 3.34845386582e-05 3.80221114999e-05 -2.3489224142e-05 -6.27478025257e-05 -6.10393724507e-05 3.01016934701e-05 3.3816071973e-05 1.91682082445e-05 -0.000133046959759 
8.35106128277e-05 -8.4624983126e-05 5.66160534774e-05 0.00177592781069 -0.000109024756026 2.70280291235e-05 -6.23466709168e-05 6.47461303961e-05 6.99265899707e-05 -2.99455153691e-05 2.15943107694e-05 -3.71190947294e-05 5.19052210006e-05 2.91446282853e-05 -0.000118211826962 6.35867279694e-05 -1.14413143421e-05 2.23204192672e-05 4.94116502837e-05 4.44223712953e-05 -8.11487221699e-05 -2.74731585968e-05 3.2635679414e-05 2.33621317907e-05 1.44706501817e-05 1.41897940402e-05 1.87138556639e-05 8.42156037044e-06 -5.33638667087e-07 -4.19399662667e-05 -6.35445791598e-05 7.26598619817e-05 -2.74113057439e-05 -4.07890307724e-05 5.5371639084e-05 5.63699356977e-05 -0.000104317747741 -8.72828518327e-05 6.65784455716e-05 -1.14994666258e-07 -3.66924523245e-05 -1.53593850338e-05 9.47052666669e-06 5.4322390866e-06 -9.36149144437e-05 -3.45751664349e-05 -1.93348290098e-06 0.000126633679458 6.42650212944e-05 -3.20698701666e-05 
-6.57796406593e-06 6.7777102684e-05 7.12054883936e-05 -0.000109024756026 0.00171780470383 1.2032285086e-07 0.00010082792199 1.89659472559e-05 -8.89976299595e-05 -7.45625694932e-06 -8.41830436959e-05 -1.2163109933e-05 1.34616852256e-05 1.49817548846e-07 -6.85249693526e-05 -2.0417286655e-05 -6.7663513207e-06 -6.92346499429e-06 -5.13917794562e-05 3.22112491593e-05 0.000106744317966 6.13892182594e-05 -3.42064735044e-05 -3.72189185326e-05 -2.88845290946e-06 3.24179766494e-05 -5.00046861492e-06 -9.89052781907e-05 4.15827850774e-05 5.5062212096e-05 0.000107614468392 -5.74642972427e-05 4.85662272069e-05 -8.96041814614e-05 -1.76120652729e-05 -4.39923859786e-05 3.73072526274e-06 1.89577231933e-05 -4.33403314723e-05 -8.25923984219e-05 9.37034449979e-05 -1.45363912567e-05 4.52864932869e-05 -1.02462472692e-05 -9.11912977238e-05 7.69494517254e-05 1.1303472682e-05 3.00780032146e-06 4.25195627083e-05 -5.29716117669e-05 
-2.25298708452e-05 8.72148922841e-05 8.76306256478e-05 2.70280291235e-05 1.2032285086e-07 0.00182671847896 -1.13427256408e-05 1.50619359234e-05 7.92851743908e-05 9.12437357934e-06 3.33686445287e-05 -4.2751007318e-05 3.22642412464e-05 1.80301875433e-05 -4.24579095711e-06 1.09993898973e-05 -1.53608990996e-05 1.21078971932e-05 7.85024985454e-05 -8.48469137263e-05 4.40086875953e-05 9.03329288057e-06 3.0486441709e-05 -5.30768939769e-05 3.75655168011e-05 -0.000105934785239 4.91066621173e-05 6.1869393263e-06 -5.39464753643e-05 -5.81836153564e-05 -4.8161196059e-05 9.46495584997e-05 1.16899322305e-05 -3.64748226441e-05 1.85305140683e-05 3.32683198216e-07 -4.79578148346e-05 1.18259697379e-05 7.73515248233e-05 6.8931519382e-05 5.62065296484e-05 4.51147787198e-05 3.20176190196e-05 8.05139889372e-07 7.13327804549e-05 0.00010857047461 -2.1556096531e-05 6.30938496967e-06 -6.05899493388e-05 1.371228463e-05 
1.14591329142e-06 -7.67181453572e-05 1.90910637197e-05 -6.23466709168e-05 0.00010082792199 -1.13427256408e-05 0.00150820087609 7.93561976606e-05 4.78968992747e-05 -1.74163111651e-05 -4.77847758734e-05 -8.18340222038e-06 -6.08827273193e-05 8.96461523218e-05 3.37516962737e-05 4.79049644611e-05 2.84986880785e-05 3.12435890414e-05 5.4879223695e-05 -3.93293289349e-05 -1.8930540821e-05 -1.70900347623e-05 -3.14618641687e-05 8.10541882538e-05 4.09010118071e-05 -3.56481573041e-05 0.000113696263317 1.86994583007e-06 6.01242429256e-05 -1.52600082382e-06 4.12355788022e-05 2.45746864545e-05 -8.24105474848e-05 -6.58837376379e-05 8.14637140435e-06 -6.42397118078e-05 -4.73643334618e-05 -2.95991581688e-05 -5.5857469324e-05 1.3646321378e-05 -6.47378072332e-05 -1.62153499945e-05 0.000124562960375 -2.99507378957e-05 3.46385002734e-05 -9.27059084806e-06 -4.59005048695e-05 2.8687014142e-05 0.000125606841786 -7.63902017416e-06 
-4.77876328774e-05 3.61178249996e-05 1.82733192436e-05 6.47461303961e-05 1.89659472559e-05 1.50619359234e-05 7.93561976606e-05 0.00173791487679 6.96947232871e-05 -1.07624108175e-05 -6.87563346876e-05 -3.6943724115e-05 2.72808287857e-05 0.000113541280078 9.29865010122e-06 4.1964569324e-05 -1.11727158822e-05 2.7688338914e-05 9.68993650664e-05 3.17558970463e-05 0.000105314176866 -7.20819116589e-06 3.90099683791e-05 1.40327476554e-05 -2.10907446333e-05 -1.02773101746e-05 -1.79553042618e-06 4.78628875423e-05 3.89641755719e-05 -2.47830637632e-05 7.4584688904e-05 -8.24102237869e-05 -0.000199408985745 2.94399201629e-05 -3.95881679882e-07 6.84492877975e-05 -3.43089981895e-05 -1.13052484073e-05 5.76052507415e-05 -1.99176677962e-05 1.35939907691e-06 -8.97393905854e-06 4.96830051245e-05 -2.07966997338e-05 8.98928134456e-05 -1.19905992977e-05 -0.000100133590598 7.23921491602e-05 1.08204902793e-05 -1.63192988459e-05 
6.97981575127e-05 -2.73502687368e-05 -4.87377830491e-05 6.99265899707e-05 -8.89976299595e-05 7.92851743908e-05 4.78968992747e-05 6.96947232871e-05 0.00168865217845 -1.40343289506e-05 0.000106625199118 -4.17851408719e-05 -2.47863306551e-05 4.8847429535e-05 3.49767615726e-05 7.74245116904e-06 3.75073345577e-05 3.74623085868e-05 3.5038599756e-05 3.84226442147e-05 -0.000122446479085 -4.66390729337e-05 -0.00010634652109 4.94892203042e-05 7.48973863128e-05 3.76286972786e-05 5.35272515579e-05 -4.00182456335e-05 8.49705468903e-06 6.26957618114e-05 -3.49759157136e-05 -2.69991024135e-05 -9.33959963927e-05 7.16167633604e-05 -2.25037573663e-05 -4.6638175728e-05 3.12243677539e-05 -4.65561950312e-05 -5.57556758184e-05 -5.59878394404e-05 4.615690669e-05 5.2600060577e-05 -9.85096980271e-05 -6.80126284177e-05 6.20876222344e-05 -7.71275026368e-05 4.32831769757e-05 -1.34098041641e-05 3.79158863129e-05 3.68180963519e-05 
-5.14921615662e-05 -5.82429841395e-05 -2.13248750855e-05 -2.99455153691e-05 -7.45625694932e-06 9.12437357934e-06 -1.74163111651e-05 -1.07624108175e-05 -1.40343289506e-05 0.00144095504528 -5.11793981844e-06 4.18614892887e-05 -0.000106649717706 -1.97263963634e-05 -8.76789437288e-05 -4.89124560402e-05 6.33581176551e-05 -4.98086094078e-05 -4.23263024019e-06 -1.55677627155e-05 6.3115451335e-05 2.02782134933e-05 5.9808195238e-05 -5.57339894047e-06 -3.3804781099e-05 5.95613974369e-06 5.8959143319e-05 -9.96556469275e-06 2.03415866017e-05 -6.4539735797e-05 -1.75844997786e-05 5.34802521277e-05 -2.03976162558e-05 7.27105704934e-06 9.78684940385e-06 -2.98546124016e-05 2.22898664964e-05 4.46483468053e-05 1.33798588652e-07 4.57757859844e-05 4.22876566279e-05 2.87798175628e-05 -5.20898490361e-05 0.00011463046887 -3.97053505237e-05 -6.89621374257e-06 7.28527648171e-05 2.58792012179e-06 -5.97130288646e-06 -3.29850996724e-05 
0.000139731582387 9.25288771851e-05 4.80863298533e-05 2.15943107694e-05 -8.41830436959e-05 3.33686445287e-05 -4.77847758734e-05 -6.87563346876e-05 0.000106625199118 -5.11793981844e-06 0.00121118703211 1.48772833675e-05 2.30155594812e-05 -0.000101154726155 2.02905400799e-05 -3.60741712984e-05 -5.59389361215e-05 -3.78297796057e-05 1.70250942431e-05 -2.26346138053e-05 -5.75984816327e-05 -1.24019526587e-05 -5.43737115331e-05 2.68288267037e-05 2.17997209831e-05 3.79887762434e-05 -3.47813630037e-05 -2.98921518294e-05 2.98587901948e-05 -2.38108778902e-05 1.92510640885e-05 -1.21795877214e-05 -7.28946179889e-05 3.28192275249e-05 0.000116456395973 -3.54740340804e-05 -0.000103790205731 -3.14870436196e-05 2.41086826642e-05 3.41946733234e-05 3.00166763751e-06 -7.00054915284e-05 5.18083064154e-06 3.91031237314e-05 4.88227743032e-05 2.06838685436e-05 -2.44408111924e-05 1.54952971091e-05 -2.9701104836e-05 1.49638991281e-05 
4.26988620743e-05 -9.73374314265e-05 -6.09377177045e-05 -3.71190947294e-05 -1.2163109933e-05 -4.2751007318e-05 -8.18340222038e-06 -3.6943724115e-05 -4.17851408719e-05 4.18614892887e-05 1.48772833675e-05 0.00207602865263 3.98544450302e-06 0.000113765146093 -9.42194716667e-06 4.26983403228e-05 -1.35515350949e-05 -6.75669811172e-05 -6.8793187284e-05 5.82000111138e-07 7.05310461511e-05 4.21820628109e-06 2.76629547596e-05 -4.89873224861e-05 -3.25432564448e-06 6.11981363315e-05 -9.42975212102e-05 2.3469344067e-05 5.82243698402e-05 -6.3805710533e-05 1.101139689e-05 6.36668382659e-05 -9.33234332386e-06 -0.00011753218309 -2.52367015046e-06 3.38659046331e-06 4.99918619843e-05 -4.60931498158e-05 5.65264616142e-06 -0.000140476306303 2.1057717105e-05 -2.65232415742e-05 1.52235970686e-05 -9.08121021815e-05 -4.24885648168e-06 1.41957611688e-05 9.04304000178e-05 3.16352637776e-05 -3.7300233912e-05 -6.83638662698e-05 
8.85234567368e-06 6.30804558107e-05 2.87877316015e-05 5.19052210006e-05 1.34616852256e-05 3.22642412464e-05 -6.08827273193e-05 2.72808287857e-05 -2.47863306551e-05 -0.000106649717706 2.30155594812e-05 3.98544450302e-06 0.00146388197019 8.13669310954e-05 -1.58849589867e-05 6.72986901182e-05 5.08589462635e-06 1.90677783966e-05 6.84054173403e-05 5.21074532837e-05 2.63447803706e-05 1.03651459079e-05 -4.11882887988e-05 -1.75615187382e-05 1.38412740595e-05 -4.8990869226e-05 -1.06891428621e-05 2.57783343581e-05 -3.16891400445e-05 -4.07182683236e-06 -6.15945849156e-05 3.16988732776e-05 -2.93034992601e-05 1.75746177673e-05 -1.71541586349e-05 1.99167532012e-05 4.89603030379e-05 1.90506950404e-05 3.03151988497e-05 -3.88460707577e-05 4.33702368484e-05 -5.447439099e-05 7.10999025615e-05 -8.82072211475e-06 -5.5086541523e-05 4.64265221834e-05 3.32548557176e-05 3.12384291043e-05 -2.03448825287e-05 -7.71722307392e-06 
4.07566906487e-05 -4.16462342494e-05 -2.02574530896e-05 2.91446282853e-05 1.49817548846e-07 1.80301875433e-05 8.96461523218e-05 0.000113541280078 4.8847429535e-05 -1.97263963634e-05 -0.000101154726155 0.000113765146093 8.13669310954e-05 0.00200077339122 6.65695272633e-05 -1.42439395698e-05 -8.52044309066e-05 8.42850820629e-05 1.62888255846e-06 0.00013314283381 -9.17850449507e-05 -5.36346152402e-05 4.73302141058e-05 7.78778938817e-05 -6.85740994103e-05 -3.89464747507e-05 -0.000111662156242 5.80999419179e-05 1.75847141108e-05 -2.60897335011e-05 0.000104184818215 3.09585345905e-05 -9.99416392969e-06 3.5180315099e-05 -4.54972635818e-05 -1.11515327323e-05 -9.40122436987e-05 -8.78347185425e-05 9.52553412607e-06 5.46332833433e-06 5.94801684908e-05 3.42440792614e-05 0.00016956015531 -0.000115476398339 -5.18198686437e-06 5.78718658263e-05 -0.000137271163253 0.000134936383339 -2.84829279908e-05 0.000112403599605 
5.72220428522e-05 6.19417548315e-06 -7.64879321779e-05 -0.000118211826962 -6.85249693526e-05 -4.24579095711e-06 3.37516962737e-05 9.29865010122e-06 3.49767615726e-05 -8.76789437288e-05 2.02905400799e-05 -9.42194716667e-06 -1.58849589867e-05 6.65695272633e-05 0.00184912179315 9.52038772609e-05 3.10703872347e-06 -2.27977643113e-05 -1.2569919268e-05 1.12230968362e-05 -9.07056282168e-05 2.05565650661e-05 4.75211981003e-05 9.54919493356e-05 7.61162491458e-05 0.000138720910615 7.86372591487e-06 -0.000133731950822 4.29867898756e-05 2.80319360474e-05 1.46358486918e-05 -6.98828748432e-05 6.78524048481e-05 9.97772439702e-05 8.4789733217e-05 -2.49923377339e-05 5.55375825313e-05 6.30747348444e-05 0.000125496118597 -0.000107595919013 2.70889499928e-05 -5.98873014106e-05 3.12290743316e-05 1.97366044668e-05 -4.83970036268e-05 -3.596514352e-05 3.55472166372e-05 3.12521808107e-05 -4.81428379799e-05 3.80259406855e-05 
3.31918392441e-05 -2.63647707925e-05 -5.29239334575e-05 6.35867279694e-05 -2.0417286655e-05 1.09993898973e-05 4.79049644611e-05 4.1964569324e-05 7.74245116904e-06 -4.89124560402e-05 -3.60741712984e-05 4.26983403228e-05 6.72986901182e-05 -1.42439395698e-05 9.52038772609e-05 0.00158762124709 1.88604944028e-05 -1.21340104441e-05 -6.19845988068e-05 4.48661189826e-06 -6.57616801516e-05 -6.94994828459e-05 -7.98662950954e-05 3.80472041877e-05 -1.43338958391e-05 3.62702304814e-05 4.44427183829e-05 6.51970706693e-05 2.87386676747e-05 9.61696631745e-05 -5.66037887891e-05 -5.17102904511e-05 -1.68207199287e-05 -0.000152601867637 1.27645923256e-05 -7.25523801517e-05 -1.04834622553e-05 -2.35916793819e-05 -1.99939415405e-05 4.16909747254e-05 7.95426449168e-05 3.01252287859e-06 1.01953029173e-05 0.000119097346333 -8.56895909801e-06 -3.26378598057e-05 1.85624673989e-05 8.60204886319e-05 -5.9993518483e-05 -9.63944321931e-06 
1.71144419199e-05 4.55786296872e-05 -3.47457061179e-05 -1.14413143421e-05 -6.7663513207e-06 -1.53608990996e-05 2.84986880785e-05 -1.11727158822e-05 3.75073345577e-05 6.33581176551e-05 -5.59389361215e-05 -1.35515350949e-05 5.08589462635e-06 -8.52044309066e-05 3.10703872347e-06 1.88604944028e-05 0.00131167909546 -6.26475908104e-05 3.15439924586e-06 2.63472981826e-05 -1.89944001709e-05 -4.54791560092e-05 -1.36718183818e-05 9.39779446364e-06 -7.35149261009e-06 4.50770923891e-05 -3.17165585208e-07 4.60206838402e-05 -1.4822628765e-06 4.32584495658e-05 1.95259117872e-05 -3.35994042818e-05 2.94402553478e-05 3.87815117158e-05 9.63981552632e-06 -1.02102290325e-06 -3.76257560461e-05 1.41209236213e-05 -5.26943550673e-05 2.88857169938e-05 -8.16002708404e-05 -1.28461712176e-05 5.7602009248e-05 4.53251455791e-05 -6.86412156899e-05 -2.9474815139e-05 5.75145026644e-05 1.16008243122e-05 -3.2972013194e-05 -3.06296698932e-05 
-7.13896710786e-05 -7.49608029817e-06 -4.32473340439e-05 2.23204192672e-05 -6.92346499429e-06 1.21078971932e-05 3.12435890414e-05 2.7688338914e-05 3.74623085868e-05 -4.98086094078e-05 -3.78297796057e-05 -6.75669811172e-05 1.90677783966e-05 8.42850820629e-05 -2.27977643113e-05 -1.21340104441e-05 -6.26475908104e-05 0.0013324010504 3.66305319403e-05 3.197659083e-05 -1.50987157163e-05 2.71340236177e-05 1.05228036087e-05 3.55081734566e-06 -2.08553705084e-05 -9.78408869873e-06 -7.62318296661e-05 5.90608070028e-06 -3.30581928453e-05 -4.12295172045e-05 9.06482125316e-05 6.24218087393e-05 -3.84826380042e-05 3.16425125259e-05 1.16430064263e-05 8.67314665598e-05 5.29043038236e-05 1.17960512497e-05 -5.26496434341e-05 7.25335676764e-05 2.20046515351e-05 -1.91400639488e-05 -0.000130342896951 -3.49247068379e-05 3.01861198189e-05 -9.12927575376e-06 1.28821288976e-05 -5.53086019923e-05 0.000108748757016 3.34256575905e-05 
-3.07426535132e-05 9.12849317716e-05 3.97972155774e-05 4.94116502837e-05 -5.13917794562e-05 7.85024985454e-05 5.4879223695e-05 9.68993650664e-05 3.5038599756e-05 -4.23263024019e-06 1.70250942431e-05 -6.8793187284e-05 6.84054173403e-05 1.62888255846e-06 -1.2569919268e-05 -6.19845988068e-05 3.15439924586e-06 3.66305319403e-05 0.00155445593781 -1.66722883714e-05 -8.88331999091e-05 6.17787957582e-05 1.11801840853e-05 -3.38026439541e-06 -7.17993777126e-05 3.55641507131e-05 8.29296657468e-05 7.75923384772e-05 -3.78566173138e-05 -3.1937135795e-05 1.98421916666e-05 5.61211971894e-06 1.31374208035e-05 -1.25260621951e-05 -3.68001933496e-05 5.23467153146e-05 -0.00010445250052 4.13389907595e-05 -2.55268559334e-05 -3.10070937871e-06 -0.000121559539672 -4.604887722e-05 6.70313231592e-05 -7.11261763405e-05 9.42440530404e-05 2.17354099835e-05 -8.72391148778e-06 8.83746391794e-05 -5.42606648587e-06 -3.04651179403e-05 
-8.7250843334e-06 -4.25477653039e-05 4.06933198871e-05 4.44223712953e-05 3.22112491593e-05 -8.48469137263e-05 -3.93293289349e-05 3.17558970463e-05 3.84226442147e-05 -1.55677627155e-05 -2.26346138053e-05 5.82000111138e-07 5.21074532837e-05 0.00013314283381 1.12230968362e-05 4.48661189826e-06 2.63472981826e-05 3.197659083e-05 -1.66722883714e-05 0.00156890826788 -1.71693818016e-05 2.18128717733e-05 4.24047845138e-06 4.49202518398e-05 -3.48514507032e-05 -5.50193299911e-06 -3.56074559125e-05 0.000124324729606 1.95745686628e-05 2.780731256e-05 -6.63554615569e-05 1.34759720358e-05 2.83994743348e-05 -4.59652962155e-05 -2.24063426797e-05 -2.66054455139e-05 -3.5050171725e-06 -7.81355385797e-06 -9.1505864072e-05 8.87701026163e-05 2.32545730799e-05 5.60779458277e-05 2.78972955311e-05 3.71451201117e-05 -3.72945327674e-06 2.56889116111e-05 6.01778470317e-05 2.56310345507e-05 1.56987793e-06 3.97094764128e-06 
-0.0001467876343 -4.1550646558e-05 2.8946996487e-05 -8.11487221699e-05 0.000106744317966 4.40086875953e-05 -1.8930540821e-05 0.000105314176866 -0.000122446479085 6.3115451335e-05 -5.75984816327e-05 7.05310461511e-05 2.63447803706e-05 -9.17850449507e-05 -9.07056282168e-05 -6.57616801516e-05 -1.89944001709e-05 -1.50987157163e-05 -8.88331999091e-05 -1.71693818016e-05 0.0018831448284 6.73143267955e-05 2.01002315773e-05 9.13382225693e-05 -1.93134706391e-05 -7.15901446538e-05 -7.71012848632e-05 1.27615573233e-05 -4.73889887798e-05 4.59909022448e-05 -2.70880724683e-05 4.07108644617e-05 -0.000114451490439 2.35997123399e-05 2.07915133787e-05 5.08279978827e-05 -1.53305040739e-06 -4.89608685785e-05 0.0001142043514 -7.54325989847e-05 0.000138910472844 4.51216318166e-05 4.65395382261e-06 2.81849958094e-05 1.44200111009e-05 4.52164425276e-05 1.8385520075e-05 -3.35836308904e-05 6.22788782167e-05 5.78025288737e-06 
2.95331954325e-06 1.09340433316e-05 -3.49540439639e-05 -2.74731585968e-05 6.13892182594e-05 9.03329288057e-06 -1.70900347623e-05 -7.20819116589e-06 -4.66390729337e-05 2.02782134933e-05 -1.24019526587e-05 4.21820628109e-06 1.03651459079e-05 -5.36346152402e-05 2.05565650661e-05 -6.94994828459e-05 -4.54791560092e-05 2.71340236177e-05 6.17787957582e-05 2.18128717733e-05 6.73143267955e-05 0.0017316701312 -1.02025653225e-05 -9.87575542326e-06 -6.11194917079e-05 2.12679224458e-05 6.08538687591e-05 4.936665565e-05 4.34829010837e-05 -0.000107245878562 0.000127532029975 -4.4149445234e-05 1.13115161143e-05 -1.8998697955e-05 -2.42057741511e-05 -8.92264268922e-06 -1.81667004131e-05 4.97455077594e-05 6.09246815972e-05 1.44196951492e-05 -1.71503077839e-05 -6.15805590047e-05 -3.3833878498e-05 -7.05269237266e-05 -0.000158394832619 -7.00664293168e-06 -5.29262160019e-06 -2.01946440229e-05 -3.75728125021e-05 1.25707307076e-06 
-1.93591355475e-05 -4.09303947772e-06 -6.78528329267e-06 3.2635679414e-05 -3.42064735044e-05 3.0486441709e-05 -3.14618641687e-05 3.90099683791e-05 -0.00010634652109 5.9808195238e-05 -5.43737115331e-05 2.76629547596e-05 -4.11882887988e-05 4.73302141058e-05 4.75211981003e-05 -7.98662950954e-05 -1.36718183818e-05 1.05228036087e-05 1.11801840853e-05 4.24047845138e-06 2.01002315773e-05 -1.02025653225e-05 0.00148659898565 -9.75810418011e-06 -2.00091840493e-05 4.45089556431e-05 3.43967493428e-05 1.75398513376e-05 2.62657766567e-05 -6.70889015981e-05 -2.14829137933e-05 6.91981673386e-05 6.93215426036e-05 -5.25100855324e-05 7.134938853e-05 -1.96687694819e-05 1.38121892972e-05 -6.03114268284e-06 -4.70687527031e-05 -0.000125135714726 -1.67450333933e-05 1.64067683113e-05 -0.000166121077985 -1.31046691293e-05 -7.13483111624e-05 -7.01618849781e-05 2.03795367586e-05 8.5600812975e-05 3.43173141604e-05 -4.21958146081e-05 
9.22047156931e-05 1.5571999262e-05 4.13150495536e-05 2.33621317907e-05 -3.72189185326e-05 -5.30768939769e-05 8.10541882538e-05 1.40327476554e-05 4.94892203042e-05 -5.57339894047e-06 2.68288267037e-05 -4.89873224861e-05 -1.75615187382e-05 7.78778938817e-05 9.54919493356e-05 3.80472041877e-05 9.39779446364e-06 3.55081734566e-06 -3.38026439541e-06 4.49202518398e-05 9.13382225693e-05 -9.87575542326e-06 -9.75810418011e-06 0.00133764983027 1.39259667621e-05 -4.346756367e-05 7.49796517583e-05 -3.47991675848e-05 -2.83970906916e-05 2.99018574635e-05 5.612533303e-05 -3.7407538568e-05 -3.46286245402e-05 0.000117959350056 -1.06203194645e-05 -0.000125005318612 7.49583282691e-05 7.95769390111e-05 2.41886121393e-05 -2.64205110749e-05 1.22898876771e-06 -3.78194693219e-05 9.97210146889e-06 -9.10010748617e-05 2.13818218241e-05 3.61615195469e-05 -5.25288960918e-05 -4.91805122028e-06 -1.02818355596e-05 3.49694950908e-05 
-1.57686279534e-05 3.16033735908e-05 -4.16151242359e-05 1.44706501817e-05 -2.88845290946e-06 3.75655168011e-05 4.09010118071e-05 -2.10907446333e-05 7.48973863128e-05 -3.3804781099e-05 2.17997209831e-05 -3.25432564448e-06 1.38412740595e-05 -6.85740994103e-05 7.61162491458e-05 -1.43338958391e-05 -7.35149261009e-06 -2.08553705084e-05 -7.17993777126e-05 -3.48514507032e-05 -1.93134706391e-05 -6.11194917079e-05 -2.00091840493e-05 1.39259667621e-05 0.00111981613862 -1.00464898383e-05 2.16847046967e-05 -3.9048025168e-05 -3.54348255182e-05 6.22977694373e-05 -8.66489615885e-06 3.91999620765e-07 -5.49089975546e-07 1.51858010335e-05 4.70615080349e-05 -4.0419310291e-05 0.000110769239327 -4.85411889137e-05 5.17602175751e-06 6.82384990173e-06 4.00559360917e-05 4.76477371527e-06 5.74657418777e-06 -7.76331367894e-05 -2.3516091338e-05 -3.79859645166e-05 -1.67386716126e-05 -2.09134548049e-05 -0.000100594506672 6.57324486783e-05 
-7.15753471434e-05 -1.37544262825e-05 -1.9874447912e-05 1.41897940402e-05 3.24179766494e-05 -0.000105934785239 -3.56481573041e-05 -1.02773101746e-05 3.76286972786e-05 5.95613974369e-06 3.79887762434e-05 6.11981363315e-05 -4.8990869226e-05 -3.89464747507e-05 0.000138720910615 3.62702304814e-05 4.50770923891e-05 -9.78408869873e-06 3.55641507131e-05 -5.50193299911e-06 -7.15901446538e-05 2.12679224458e-05 4.45089556431e-05 -4.346756367e-05 -1.00464898383e-05 0.00150730709128 -0.000114135912154 6.56588442529e-05 4.20190760963e-05 1.198291912e-05 9.39529123513e-05 7.96374128842e-06 -1.24778514566e-05 -2.83001320757e-05 3.2193283789e-06 -4.93899615683e-05 -5.9388650088e-05 2.03193750032e-05 4.82611823362e-05 1.74296502424e-05 -5.81676542882e-05 -1.99677049246e-05 -6.87915596274e-06 3.51717357264e-05 -3.36499352354e-05 4.52300995257e-05 -3.13181930056e-05 -6.73044737721e-05 -7.6103726839e-05 5.88469699643e-05 
-0.000153094771398 9.49670427997e-05 3.44384324298e-05 1.87138556639e-05 -5.00046861492e-06 4.91066621173e-05 0.000113696263317 -1.79553042618e-06 5.35272515579e-05 5.8959143319e-05 -3.47813630037e-05 -9.42975212102e-05 -1.06891428621e-05 -0.000111662156242 7.86372591487e-06 4.44427183829e-05 -3.17165585208e-07 -7.62318296661e-05 8.29296657468e-05 -3.56074559125e-05 -7.71012848632e-05 6.08538687591e-05 3.43967493428e-05 7.49796517583e-05 2.16847046967e-05 -0.000114135912154 0.00230594384769 -7.80759581806e-06 -2.3882877277e-05 -9.15181214471e-05 -0.000104371719854 -4.56040652197e-05 6.74970707248e-06 1.10593682889e-05 -0.000153619951584 -2.44743649155e-05 2.54769657914e-05 -2.87770433876e-05 -1.98876135264e-05 -2.48622147352e-05 6.80341999438e-05 -6.83898555975e-05 -0.000107583822257 -2.55367208982e-05 -6.12751124922e-05 6.70332604148e-06 -5.38320619477e-05 -5.93707670422e-06 -6.34441172892e-06 3.01325312007e-05 
7.3509474873e-08 2.23709370361e-05 4.47505529638e-05 8.42156037044e-06 -9.89052781907e-05 6.1869393263e-06 1.86994583007e-06 4.78628875423e-05 -4.00182456335e-05 -9.96556469275e-06 -2.98921518294e-05 2.3469344067e-05 2.57783343581e-05 5.80999419179e-05 -0.000133731950822 6.51970706693e-05 4.60206838402e-05 5.90608070028e-06 7.75923384772e-05 0.000124324729606 1.27615573233e-05 4.936665565e-05 1.75398513376e-05 -3.47991675848e-05 -3.9048025168e-05 6.56588442529e-05 -7.80759581806e-06 0.0016900035356 3.87311045425e-05 3.66020933419e-05 -8.6811952966e-07 -2.63007149165e-05 2.55784997136e-05 2.13899707762e-05 -5.95582708169e-06 4.53487524748e-05 7.58284995347e-05 3.18101844963e-05 -3.49282746154e-05 4.10444372913e-05 -7.73403150624e-05 8.12221070678e-05 -1.80072548866e-05 3.38964986758e-06 -6.39002951451e-05 2.51264165839e-05 1.37371454538e-05 8.75799195581e-06 9.67980375373e-06 -6.65229919995e-05 
3.88916040141e-05 1.66533963472e-05 -5.13404910216e-05 -5.33638667087e-07 4.15827850774e-05 -5.39464753643e-05 6.01242429256e-05 3.89641755719e-05 8.49705468903e-06 2.03415866017e-05 2.98587901948e-05 5.82243698402e-05 -3.16891400445e-05 1.75847141108e-05 4.29867898756e-05 2.87386676747e-05 -1.4822628765e-06 -3.30581928453e-05 -3.78566173138e-05 1.95745686628e-05 -4.73889887798e-05 4.34829010837e-05 2.62657766567e-05 -2.83970906916e-05 -3.54348255182e-05 4.20190760963e-05 -2.3882877277e-05 3.87311045425e-05 0.00115339336739 -1.38793411842e-06 7.07783846816e-05 -0.000162697937765 2.23001022371e-05 -6.35084344488e-06 -8.04661781357e-05 3.52361241968e-06 -1.34523088767e-05 -1.90789187117e-05 -2.80371428257e-05 8.76870143836e-05 -5.65503824649e-05 -1.21811748539e-05 1.93424995024e-05 3.53135220876e-05 2.16444986736e-05 8.44935270529e-05 5.16879489787e-06 -4.51822823126e-05 3.9459555006e-06 -3.58846213523e-05 
-2.44200473044e-05 -4.53511835724e-06 1.21279034656e-07 -4.19399662667e-05 5.5062212096e-05 -5.81836153564e-05 -1.52600082382e-06 -2.47830637632e-05 6.26957618114e-05 -6.4539735797e-05 -2.38108778902e-05 -6.3805710533e-05 -4.07182683236e-06 -2.60897335011e-05 2.80319360474e-05 9.61696631745e-05 4.32584495658e-05 -4.12295172045e-05 -3.1937135795e-05 2.780731256e-05 4.59909022448e-05 -0.000107245878562 -6.70889015981e-05 2.99018574635e-05 6.22977694373e-05 1.198291912e-05 -9.15181214471e-05 3.66020933419e-05 -1.38793411842e-06 0.00112160707435 1.0981591318e-05 -5.32528622077e-05 -4.58049512652e-06 6.70164875392e-05 6.08736364127e-05 -1.55063439841e-06 3.9529495744e-05 -5.91162657875e-06 -5.9151741755e-05 -5.01472669265e-06 9.91462289363e-05 -6.56604162287e-05 5.72885948671e-05 -4.00908997605e-05 3.61093556939e-05 -4.66797084115e-05 -8.17674145761e-06 3.10428403303e-05 1.93352049329e-05 -3.19157026624e-05 
1.75208730589e-05 -4.14555762512e-05 1.64626314757e-05 -6.35445791598e-05 0.000107614468392 -4.8161196059e-05 4.12355788022e-05 7.4584688904e-05 -3.49759157136e-05 -1.75844997786e-05 1.92510640885e-05 1.101139689e-05 -6.15945849156e-05 0.000104184818215 1.46358486918e-05 -5.66037887891e-05 1.95259117872e-05 9.06482125316e-05 1.98421916666e-05 -6.63554615569e-05 -2.70880724683e-05 0.000127532029975 -2.14829137933e-05 5.612533303e-05 -8.66489615885e-06 9.39529123513e-05 -0.000104371719854 -8.6811952966e-07 7.07783846816e-05 1.0981591318e-05 0.00204656167471 -9.31774833935e-06 6.59276180367e-06 1.96325978796e-05 4.9550714119e-05 -3.64991572758e-05 -3.23724174752e-05 -6.86957347655e-05 7.64850420861e-05 3.24502916681e-05 7.32390642705e-05 -1.68815150122e-05 3.88457808171e-05 1.06082965741e-05 -6.01149465599e-05 0.000104029525843 -2.8291956555e-06 -2.07739302707e-05 -8.47292667179e-05 4.35895010588e-06 
-2.15220452156e-05 1.88505457257e-05 7.15876742995e-05 7.26598619817e-05 -5.74642972427e-05 9.46495584997e-05 2.45746864545e-05 -8.24102237869e-05 -2.69991024135e-05 5.34802521277e-05 -1.21795877214e-05 6.36668382659e-05 3.16988732776e-05 3.09585345905e-05 -6.98828748432e-05 -5.17102904511e-05 -3.35994042818e-05 6.24218087393e-05 5.61211971894e-06 1.34759720358e-05 4.07108644617e-05 -4.4149445234e-05 6.91981673386e-05 -3.7407538568e-05 3.91999620765e-07 7.96374128842e-06 -4.56040652197e-05 -2.63007149165e-05 -0.000162697937765 -5.32528622077e-05 -9.31774833935e-06 0.00224251342546 -7.34156397631e-06 5.00224794478e-05 5.85158608214e-05 1.48480112297e-05 9.95221073627e-05 7.84841690792e-05 0.000113284546403 -5.00181183879e-05 -3.46747352988e-05 -3.51728379052e-05 2.64867840978e-05 -5.15678011126e-05 -2.34061986569e-05 1.72390343832e-05 9.8987155708e-05 1.01480857945e-05 1.19394234302e-05 -5.04021770891e-05 
-1.17518162668e-05 8.9251520808e-05 -1.70458219545e-05 -2.74113057439e-05 4.85662272069e-05 1.16899322305e-05 -8.24105474848e-05 -0.000199408985745 -9.33959963927e-05 -2.03976162558e-05 -7.28946179889e-05 -9.33234332386e-06 -2.93034992601e-05 -9.99416392969e-06 6.78524048481e-05 -1.68207199287e-05 2.94402553478e-05 -3.84826380042e-05 1.31374208035e-05 2.83994743348e-05 -0.000114451490439 1.13115161143e-05 6.93215426036e-05 -3.46286245402e-05 -5.49089975546e-07 -1.24778514566e-05 6.74970707248e-06 2.55784997136e-05 2.23001022371e-05 -4.58049512652e-06 6.59276180367e-06 -7.34156397631e-06 0.00134253859658 0.000131905343239 1.17235417882e-05 -2.92291928964e-05 -3.11292428245e-05 -0.000149526178426 1.0234118954e-06 -6.75892482496e-05 2.48166617405e-05 -1.08118802308e-05 -7.15658578559e-05 7.68750384431e-05 -2.05362619828e-05 -7.04670107272e-06 5.97302419028e-05 -2.58420588968e-05 -9.02491838947e-05 -4.03302429756e-05 
2.11613926694e-05 -1.64313882299e-05 4.19044913581e-05 -4.07890307724e-05 -8.96041814614e-05 -3.64748226441e-05 -6.58837376379e-05 2.94399201629e-05 7.16167633604e-05 7.27105704934e-06 3.28192275249e-05 -0.00011753218309 1.75746177673e-05 3.5180315099e-05 9.97772439702e-05 -0.000152601867637 3.87815117158e-05 3.16425125259e-05 -1.25260621951e-05 -4.59652962155e-05 2.35997123399e-05 -1.8998697955e-05 -5.25100855324e-05 0.000117959350056 1.51858010335e-05 -2.83001320757e-05 1.10593682889e-05 2.13899707762e-05 -6.35084344488e-06 6.70164875392e-05 1.96325978796e-05 5.00224794478e-05 0.000131905343239 0.00198401556559 4.94027681189e-05 -3.83445195048e-05 1.91367156089e-05 2.20454261637e-05 -8.49049830478e-05 -8.49038751281e-07 0.000109723948672 1.75899755277e-05 -5.95648297808e-05 3.65225457445e-05 0.00014363240263 -4.63435073327e-05 2.8561802139e-05 -1.73345416596e-05 5.23459238955e-05 -3.82000705149e-06 
8.98273675115e-05 8.41007751657e-05 -6.19107808377e-05 5.5371639084e-05 -1.76120652729e-05 1.85305140683e-05 8.14637140435e-06 -3.95881679882e-07 -2.25037573663e-05 9.78684940385e-06 0.000116456395973 -2.52367015046e-06 -1.71541586349e-05 -4.54972635818e-05 8.4789733217e-05 1.27645923256e-05 9.63981552632e-06 1.16430064263e-05 -3.68001933496e-05 -2.24063426797e-05 2.07915133787e-05 -2.42057741511e-05 7.134938853e-05 -1.06203194645e-05 4.70615080349e-05 3.2193283789e-06 -0.000153619951584 -5.95582708169e-06 -8.04661781357e-05 6.08736364127e-05 4.9550714119e-05 5.85158608214e-05 1.17235417882e-05 4.94027681189e-05 0.0016500384834 4.93249219254e-05 2.84734558932e-05 -2.06151321919e-05 -3.63019628595e-06 1.30761180042e-05 9.91111620794e-05 -5.98793391258e-05 6.45215651808e-05 -5.14150434361e-05 -3.45906645571e-05 3.24542486248e-05 5.89263599565e-05 3.45517461399e-05 -1.9718888758e-05 -4.26120521997e-05 
-9.58273203249e-05 -3.05209910423e-05 3.87008885541e-05 5.63699356977e-05 -4.39923859786e-05 3.32683198216e-07 -6.42397118078e-05 6.84492877975e-05 -4.6638175728e-05 -2.98546124016e-05 -3.54740340804e-05 3.38659046331e-06 1.99167532012e-05 -1.11515327323e-05 -2.49923377339e-05 -7.25523801517e-05 -1.02102290325e-06 8.67314665598e-05 5.23467153146e-05 -2.66054455139e-05 5.08279978827e-05 -8.92264268922e-06 -1.96687694819e-05 -0.000125005318612 -4.0419310291e-05 -4.93899615683e-05 -2.44743649155e-05 4.53487524748e-05 3.52361241968e-06 -1.55063439841e-06 -3.64991572758e-05 1.48480112297e-05 -2.92291928964e-05 -3.83445195048e-05 4.93249219254e-05 0.00204894602257 -4.07142484252e-05 0.000150792631888 -4.98239775609e-05 -2.59091860098e-05 -1.09800908003e-05 -9.9356951609e-05 1.70466273358e-05 -0.000125186289878 -6.52978001558e-05 6.42075321574e-05 -1.78745060508e-05 -5.55300553184e-05 4.61475956936e-06 4.6965548393e-05 
-6.01138196348e-05 -2.51864688107e-06 -1.42750100106e-05 -0.000104317747741 3.73072526274e-06 -4.79578148346e-05 -4.73643334618e-05 -3.43089981895e-05 3.12243677539e-05 2.22898664964e-05 -0.000103790205731 4.99918619843e-05 4.89603030379e-05 -9.40122436987e-05 5.55375825313e-05 -1.04834622553e-05 -3.76257560461e-05 5.29043038236e-05 -0.00010445250052 -3.5050171725e-06 -1.53305040739e-06 -1.81667004131e-05 1.38121892972e-05 7.49583282691e-05 0.000110769239327 -5.9388650088e-05 2.54769657914e-05 7.58284995347e-05 -1.34523088767e-05 3.9529495744e-05 -3.23724174752e-05 9.95221073627e-05 -3.11292428245e-05 1.91367156089e-05 2.84734558932e-05 -4.07142484252e-05 0.00171549285653 4.24240334162e-05 4.87368059893e-05 9.99219524819e-06 -2.68270014094e-05 3.13476978435e-05 3.65876882644e-05 3.00232046392e-05 -5.74825722688e-05 -6.87178360755e-05 1.81663044693e-05 -8.76498618259e-05 -4.7827102183e-05 -1.54624566258e-06 
-5.28204725472e-05 3.05016676252e-05 -4.31358270274e-05 -8.72828518327e-05 1.89577231933e-05 1.18259697379e-05 -2.95991581688e-05 -1.13052484073e-05 -4.65561950312e-05 4.46483468053e-05 -3.14870436196e-05 -4.60931498158e-05 1.90506950404e-05 -8.78347185425e-05 6.30747348444e-05 -2.35916793819e-05 1.41209236213e-05 1.17960512497e-05 4.13389907595e-05 -7.81355385797e-06 -4.89608685785e-05 4.97455077594e-05 -6.03114268284e-06 7.95769390111e-05 -4.85411889137e-05 2.03193750032e-05 -2.87770433876e-05 3.18101844963e-05 -1.90789187117e-05 -5.91162657875e-06 -6.86957347655e-05 7.84841690792e-05 -0.000149526178426 2.20454261637e-05 -2.06151321919e-05 0.000150792631888 4.24240334162e-05 0.00189097696335 -4.50175039089e-05 -7.08524290565e-05 -9.07630420037e-05 -7.01147530261e-05 -7.41120030082e-05 -4.61290348491e-05 -6.04866814455e-05 -0.000126472635453 -5.2811460158e-05 -3.86488690461e-05 5.99157486338e-05 5.09233531227e-05 
1.70630148449e-05 7.16230884209e-05 5.55403026913e-05 6.65784455716e-05 -4.33403314723e-05 7.73515248233e-05 -5.5857469324e-05 5.76052507415e-05 -5.57556758184e-05 1.33798588652e-07 2.41086826642e-05 5.65264616142e-06 3.03151988497e-05 9.52553412607e-06 0.000125496118597 -1.99939415405e-05 -5.26943550673e-05 -5.26496434341e-05 -2.55268559334e-05 -9.1505864072e-05 0.0001142043514 6.09246815972e-05 -4.70687527031e-05 2.41886121393e-05 5.17602175751e-06 4.82611823362e-05 -1.98876135264e-05 -3.49282746154e-05 -2.80371428257e-05 -5.9151741755e-05 7.64850420861e-05 0.000113284546403 1.0234118954e-06 -8.49049830478e-05 -3.63019628595e-06 -4.98239775609e-05 4.87368059893e-05 -4.50175039089e-05 0.00180540735348 6.49755775427e-05 -2.18191126831e-05 6.1289673457e-06 -1.23446588308e-05 -5.10796200511e-06 -3.21861416678e-05 -3.63399846182e-05 4.7209603143e-06 -1.80213255679e-05 3.93260260179e-05 7.82350534997e-05 
5.13255434133e-05 -6.69812719817e-05 -1.44191933418e-06 -1.14994666258e-07 -8.25923984219e-05 6.8931519382e-05 1.3646321378e-05 -1.99176677962e-05 -5.59878394404e-05 4.57757859844e-05 3.41946733234e-05 -0.000140476306303 -3.88460707577e-05 5.46332833433e-06 -0.000107595919013 4.16909747254e-05 2.88857169938e-05 7.25335676764e-05 -3.10070937871e-06 8.87701026163e-05 -7.54325989847e-05 1.44196951492e-05 -0.000125135714726 -2.64205110749e-05 6.82384990173e-06 1.74296502424e-05 -2.48622147352e-05 4.10444372913e-05 8.76870143836e-05 -5.01472669265e-06 3.24502916681e-05 -5.00181183879e-05 -6.75892482496e-05 -8.49038751281e-07 1.30761180042e-05 -2.59091860098e-05 9.99219524819e-06 -7.08524290565e-05 6.49755775427e-05 0.00221533286697 2.54679959866e-06 -7.06892917548e-05 1.2359195368e-05 5.19786393075e-05 2.2746110566e-05 4.6275441055e-05 -1.42363578996e-06 7.4084918651e-05 9.69728211082e-05 -2.42027435562e-05 
-7.49247696452e-05 4.37530966158e-05 2.46686763093e-05 -3.66924523245e-05 9.37034449979e-05 5.62065296484e-05 -6.47378072332e-05 1.35939907691e-06 4.615690669e-05 4.22876566279e-05 3.00166763751e-06 2.1057717105e-05 4.33702368484e-05 5.94801684908e-05 2.70889499928e-05 7.95426449168e-05 -8.16002708404e-05 2.20046515351e-05 -0.000121559539672 2.32545730799e-05 0.000138910472844 -1.71503077839e-05 -1.67450333933e-05 1.22898876771e-06 4.00559360917e-05 -5.81676542882e-05 6.80341999438e-05 -7.73403150624e-05 -5.65503824649e-05 9.91462289363e-05 7.32390642705e-05 -3.46747352988e-05 2.48166617405e-05 0.000109723948672 9.91111620794e-05 -1.09800908003e-05 -2.68270014094e-05 -9.07630420037e-05 -2.18191126831e-05 2.54679959866e-06 0.00212959443823 -1.89734752562e-05 -5.53557038375e-05 1.93568696975e-05 3.02541277954e-05 3.89045703259e-06 -4.48367487826e-05 -6.00269712382e-05 -3.73908718606e-05 -9.71352893113e-05 
3.28999798642e-05 6.78990344974e-05 3.34845386582e-05 -1.53593850338e-05 -1.45363912567e-05 4.51147787198e-05 -1.62153499945e-05 -8.97393905854e-06 5.2600060577e-05 2.87798175628e-05 -7.00054915284e-05 -2.65232415742e-05 -5.447439099e-05 3.42440792614e-05 -5.98873014106e-05 3.01252287859e-06 -1.28461712176e-05 -1.91400639488e-05 -4.604887722e-05 5.60779458277e-05 4.51216318166e-05 -6.15805590047e-05 1.64067683113e-05 -3.78194693219e-05 4.76477371527e-06 -1.99677049246e-05 -6.83898555975e-05 8.12221070678e-05 -1.21811748539e-05 -6.56604162287e-05 -1.68815150122e-05 -3.51728379052e-05 -1.08118802308e-05 1.75899755277e-05 -5.98793391258e-05 -9.9356951609e-05 3.13476978435e-05 -7.01147530261e-05 6.1289673457e-06 -7.06892917548e-05 -1.89734752562e-05 0.00131683129514 5.31236674663e-05 -2.54356578725e-05 -6.69852567775e-05 3.45921133921e-06 7.88720909494e-06 -5.80791376758e-05 -1.52815592787e-05 3.43450362344e-05 
6.26257734159e-05 4.81085952234e-05 3.80221114999e-05 9.47052666669e-06 4.52864932869e-05 3.20176190196e-05 0.000124562960375 4.96830051245e-05 -9.85096980271e-05 -5.20898490361e-05 5.18083064154e-06 1.52235970686e-05 7.10999025615e-05 0.00016956015531 3.12290743316e-05 1.01953029173e-05 5.7602009248e-05 -0.000130342896951 6.70313231592e-05 2.78972955311e-05 4.65395382261e-06 -3.3833878498e-05 -0.000166121077985 9.97210146889e-06 5.74657418777e-06 -6.87915596274e-06 -0.000107583822257 -1.80072548866e-05 1.93424995024e-05 5.72885948671e-05 3.88457808171e-05 2.64867840978e-05 -7.15658578559e-05 -5.95648297808e-05 6.45215651808e-05 1.70466273358e-05 3.65876882644e-05 -7.41120030082e-05 -1.23446588308e-05 1.2359195368e-05 -5.53557038375e-05 5.31236674663e-05 0.00166680944939 -5.0598165226e-05 -2.84401373017e-05 -4.94465865155e-05 5.1931848419e-05 6.6598346725e-06 -4.51372023359e-05 7.84482820424e-05 
