100 100
0.000634364894984 3.09283141357e-06 7.7634281041e-08 -8.47600581345e-06 -1.07395963221e-06 -3.23603638786e-06 3.82702749702e-06 9.43832535287e-06 6.0070592218e-06 5.74533054577e-06 -6.89719472796e-06 -4.9489133966e-06 6.63898905379e-06 2.37628791395e-06 -1.02476261539e-05 5.62594855629e-06 2.02488738868e-07 -6.04358600903e-06 1.78125419705e-06 -7.45962902549e-06 3.63920670981e-06 -3.18446800428e-06 1.58988484491e-06 -6.07419628479e-06 -6.01655767943e-07 -3.40055342664e-06 1.55625791927e-05 -6.76682739284e-06 -2.19364592443e-07 3.84541395186e-06 -2.51015872278e-06 6.37518084548e-06 -6.13967598187e-06 -7.97754908726e-06 -5.7833765877e-08 6.54511794939e-07 -5.12702168708e-06 -6.5288302391e-06 6.48309197261e-06 2.81310525346e-07 -8.05723649408e-06 -2.63247874412e-07 -2.65776917507e-06 2.6149256428e-05 -2.46343725088e-06 -4.23277329729e-06 3.78322642344e-06 4.14559363786e-06 6.62500168848e-06 1.5542371028e-06 -3.44755369626e-06 -3.59011099094e-06 8.01165965967e-06 1.43077081641e-06 2.01847789401e-06 5.66277509288e-06 2.96048344591e-06 7.57121564099e-06 -6.93213172653e-06 -2.56779839558e-06 -1.0981145469e-05 -4.84065556637e-06 -9.63695842054e-06 -6.57736375831e-06 -8.07906136688e-06 -3.94091543133e-06 9.00209931127e-06 -1.16282197179e-05 5.76163331654e-06 -5.5468966064e-06 2.84958504618e-06 1.22490661908e-05 -8.60505024373e-07 6.29872405313e-06 -9.89225171726e-06 2.16197186565e-06 6.77852485828e-06 3.52720383343e-06 -2.96892118296e-06 8.19945018921e-06 -4.41973336896e-07 9.27931028731e-07 -9.10021353739e-06 1.42367560574e-06 -5.3051537212e-06 -4.26217533901e-06 -5.96920416575e-06 3.49465413315e-06 -4.16131670175e-06 -4.75347588033e-06 -7.42140795029e-06 9.93560609474e-06 -2.56315372791e-06 1.11426081401e-05 -1.23022543177e-06 4.45914559766e-06 -3.62655004129e-06 -5.07629727648e-06 9.9526412078e-06 4.82134977085e-06 
3.09283141357e-06 0.000671977175243 -2.61274836478e-06 -8.8502576275e-07 -1.75252332439e-06 -2.13146323011e-06 -1.75701775129e-06 8.48503306044e-06 -4.62885635364e-06 4.77196500689e-06 7.1547314639e-06 3.03850298225e-06 3.55187218927e-06 -5.00987756473e-06 -4.8064336444e-06 7.05929302227e-06 -7.61907809283e-06 -7.9522590463e-06 1.01469255494e-06 3.97477302438e-06 -1.6500876775e-06 -2.59977163528e-06 1.40934212486e-05 3.15366336564e-06 -7.18416712199e-06 -1.20029632416e-05 -1.83599782065e-06 1.08858205323e-05 1.1765504839e-06 1.20897844708e-06 -1.51406270866e-06 2.16300247373e-06 3.06882010917e-07 2.45228753089e-05 -1.0393856461e-05 -2.7475332807e-06 4.79102963823e-06 -4.8508420593e-06 -6.07390124534e-06 1.0121415407e-05 -6.30533835682e-06 4.87207788979e-06 1.70577811657e-06 3.37939713765e-06 -1.28373450663e-06 -9.34618881219e-07 3.07966229092e-06 -1.60884645364e-07 9.4160377998e-07 1.43109494512e-05 9.65257486955e-07 -2.18542836612e-06 7.21751715445e-06 -1.28241626907e-05 -2.08142858516e-06 4.15997705676e-06 8.62499697025e-06 -6.07554120369e-06 6.23904427649e-06 -2.05517062167e-06 -6.89404692644e-06 1.43675994271e-05 1.29325522982e-06 -1.62162994761e-05 -2.17067573286e-06 2.0769521317e-06 2.28798839974e-06 -2.5119269117e-06 2.91167687856e-06 -3.50145341259e-06 -6.40644262879e-06 -6.80061817339e-06 3.27337849464e-06 6.50896380136e-06 2.70011667273e-06 1.00178396488e-06 -8.70151893469e-08 1.68118467968e-06 1.03365030672e-05 -9.48517487856e-06 -3.43803611641e-06 -6.28017076265e-06 1.46376093253e-05 -3.68361258101e-06 8.73921368885e-06 -3.41977062882e-06 -2.69815952171e-06 3.79139616695e-07 2.80916634251e-07 5.26024784753e-06 4.71751031678e-06 -6.49811383792e-06 -4.3341232265e-06 1.62804847827e-06 -7.02812506461e-06 6.10470508049e-06 -1.43743012833e-05 -2.87632682858e-06 2.70987589591e-06 3.76567301452e-06 
7.7634281041e-08 -2.61274836478e-06 0.000673463924071 -4.67659691174e-07 -5.63998171968e-06 4.39074332838e-06 6.06471703475e-06 1.07986477892e-05 9.98402028357e-06 9.0831392914e-06 8.31629790413e-06 7.56683910888e-06 -1.45387987868e-06 -5.30467021373e-06 5.82426076396e-06 -1.04575263622e-05 7.93302362617e-06 6.41169129835e-06 -7.17185161556e-06 -5.29545939452e-06 2.50355179957e-06 1.02248661481e-05 -2.3917337081e-06 -1.60958538878e-06 -5.27869852781e-07 4.99755461722e-06 -7.88208605552e-06 4.70298090579e-06 -2.10310855611e-06 1.03836184876e-05 -9.17897795259e-06 -2.00565921966e-06 1.73560806284e-05 7.96752077192e-06 2.43573807876e-06 3.52102454839e-06 1.35347972635e-06 -1.55593505558e-06 5.91848765529e-06 1.86987534049e-06 8.34586620455e-06 6.19111642367e-07 -2.07843127224e-06 -1.2032004762e-05 -5.45417608441e-06 1.77856681458e-06 -1.10938030806e-06 4.11487003309e-06 -1.00702702301e-05 2.67650701396e-06 -5.28141269151e-06 -9.95724202558e-07 -3.5135258363e-06 3.13643375626e-06 8.3568439489e-06 1.27675292906e-05 2.94907130574e-06 -6.16477048085e-06 5.00906375228e-06 -8.78378645437e-06 -3.66116019682e-07 5.30074664964e-06 -2.2424277893e-07 -9.42111538718e-07 4.10228912011e-06 4.31739030628e-07 6.0632760203e-06 4.55579707539e-06 -5.68227201076e-06 8.69771292506e-08 -1.31946765682e-06 1.37045887683e-06 1.26235345993e-05 2.89115394638e-06 1.52255521399e-05 -8.54844470343e-06 3.78905665678e-06 -3.15917906971e-06 -4.84372049786e-07 -2.52351956016e-06 6.97853897537e-06 -6.35122539354e-06 -5.31678657455e-07 1.15514809134e-05 4.323019397e-06 7.25321154073e-06 -9.46625174538e-08 -1.71933319349e-05 1.17714377335e-05 -1.56755343996e-06 4.43433146089e-06 -1.55374731562e-05 -1.28032939165e-05 -7.78640254051e-06 2.95459730291e-06 -9.77892774507e-06 6.81042740762e-07 8.21722848046e-06 6.74581038144e-06 -4.47143499425e-06 
-8.47600581345e-06 -8.8502576275e-07 -4.67659691174e-07 0.000511282996612 3.56772011513e-06 -5.48381984713e-06 3.80726902155e-06 6.43896553992e-06 -1.78584483643e-07 3.53732666975e-06 1.70003956799e-06 -2.12301489473e-06 3.19221165266e-06 9.03044546523e-06 2.94710603984e-06 -2.44098187719e-06 2.76756989308e-06 2.8507779186e-06 -7.9560433579e-06 -2.690878726e-06 3.90642270443e-06 3.1491637e-06 -5.72346570004e-06 5.31229985761e-06 9.91648190261e-07 1.56540440235e-06 7.6605280538e-07 5.90874090793e-06 -5.14276997981e-06 8.97539191316e-07 -8.02742349988e-06 6.55122326767e-06 -4.38674946952e-06 -1.59543269145e-06 4.98753910594e-06 6.24048831156e-06 6.77538979843e-06 -1.86425803037e-06 -3.28165340878e-06 -4.39705367524e-06 -8.20398015306e-06 -2.16210925423e-06 -2.24737354148e-06 -8.90984852668e-06 -5.47780749413e-06 1.41731171715e-05 7.13962602807e-06 -7.70525109017e-06 1.03943134023e-05 -1.34897223342e-06 -2.46250312378e-06 -5.93139234159e-06 5.18232172891e-06 5.26916722163e-06 -7.71862112784e-06 -7.31430661357e-06 -1.09538757991e-06 2.13832473307e-07 7.72866977821e-07 5.21285429174e-06 -6.22900230127e-06 1.98663904751e-06 -9.34610757794e-07 9.10188298238e-06 -4.22175054099e-06 1.02063877925e-05 6.0858423559e-07 -1.5739263017e-06 -5.53589548461e-06 -2.71327232645e-06 7.57906473463e-06 -4.96997072779e-06 6.03973316951e-06 -1.01934173598e-05 1.22787089007e-05 -4.59401115951e-06 -2.61020819222e-06 -5.75953987709e-06 1.77943983795e-06 -5.62826341377e-06 8.73662281332e-06 1.38209311568e-05 7.74532598955e-06 -1.73625278246e-06 9.8219037568e-07 -2.8982268223e-06 1.42242706515e-06 4.15434701983e-06 -4.4683456478e-06 -9.91975332051e-07 1.93621115235e-06 -6.01825495752e-06 4.63932811099e-06 -2.6834249936e-06 5.3625320267e-06 1.95607746442e-06 1.57308214264e-05 2.41283516541e-06 -1.40278171777e-06 -4.74689693915e-06 
-1.07395963221e-06 -1.75252332439e-06 -5.63998171968e-06 3.56772011513e-06 0.000586523351929 -6.16419168353e-06 5.71535585789e-06 -7.19528993723e-07 -4.06390722241e-06 -1.08361011861e-05 -6.28423290921e-07 8.07180154347e-06 -4.33743352608e-07 -4.34420562558e-07 -4.09308058185e-06 -1.07917008438e-06 -3.54671568182e-06 -9.74075326336e-06 -5.56693455414e-07 1.27690867895e-06 -1.34129528717e-05 -4.38173468015e-06 -1.36512381977e-06 -1.31819798273e-06 1.82786949479e-06 -6.65857092935e-06 -2.83942346324e-06 -4.51107924651e-06 -5.42850405049e-07 -8.35480705893e-06 7.75992817048e-06 -3.33813817299e-06 -5.55016728064e-06 1.30991184496e-05 -5.72663321706e-06 -1.91872233746e-06 4.73557896498e-06 7.36872486547e-07 -1.24118516278e-05 -6.79770885755e-06 -1.83621102381e-06 -3.43593406843e-06 9.46489851295e-06 -4.40025541094e-06 -2.72229086966e-06 -2.81532381779e-06 -3.33975120806e-06 1.10179587153e-06 2.95717969796e-06 7.26199773682e-06 -8.78700711306e-06 6.34758320695e-06 6.88405004618e-06 -1.00117764721e-05 8.05004682635e-07 -8.26299757058e-06 -9.14526721174e-06 -1.84872908381e-06 -6.67190234182e-06 -6.93862741136e-06 -3.02764336825e-06 8.38681150566e-07 -2.59977673317e-06 -6.32249357779e-06 -6.52528124607e-06 4.48166517714e-06 -1.50488744242e-06 -6.42999028747e-06 -1.05822289278e-05 -4.8275147828e-06 -9.29500589983e-06 1.50144658075e-05 -1.18685818147e-06 -8.25620221866e-06 6.58798131252e-06 9.37468250141e-07 2.93095000537e-06 1.14760799046e-05 5.18276350095e-06 5.47922310593e-06 -3.25696612725e-06 -8.68059334209e-06 8.62630811534e-06 -5.21357746345e-06 -5.3175789878e-07 7.43653982138e-06 -3.39058862693e-06 1.59957378504e-06 4.27536752701e-06 -1.63217265283e-06 1.05099692477e-06 7.67678317539e-06 4.56496294586e-06 -1.91760699394e-06 -1.25887225622e-05 1.22900294154e-06 1.08799589615e-05 -2.30843847553e-06 1.45742931255e-05 -1.06312781823e-05 
-3.23603638786e-06 -2.13146323011e-06 4.39074332838e-06 -5.48381984713e-06 -6.16419168353e-06 0.000505295332213 -4.06790937006e-06 1.02063637975e-05 -6.8291860445e-06 4.51901088615e-06 -5.81028386108e-06 -7.61067221537e-06 -4.17547911995e-06 2.12772730782e-06 2.51508730636e-06 -8.03435363266e-06 1.26449806929e-06 1.26362591929e-05 -8.22179335199e-06 -9.91578640659e-06 3.68305139851e-06 -7.99507822925e-07 7.34752383378e-06 -1.33972431289e-06 -2.73503829498e-06 -8.81398789398e-07 1.15815799199e-05 8.44385059566e-06 3.5832765496e-06 3.644766006e-06 -3.71470772255e-07 -4.32266291728e-06 7.5152480362e-07 2.13253300179e-06 -1.82777154367e-06 4.97652926184e-06 -8.37770542433e-06 -1.85635454246e-06 3.6061662847e-06 4.87656578306e-06 8.07958238192e-06 3.02367546243e-06 7.82768732434e-07 -1.20249105953e-05 1.04980009022e-05 -1.33077720039e-05 4.12211123153e-06 2.8132329281e-07 -2.21253096764e-06 7.36470592307e-07 2.85744975076e-06 -1.10650273884e-06 7.51140877237e-06 -6.91047514591e-06 -1.95800466078e-06 -5.2899779507e-06 -1.22209572083e-06 5.63138242452e-06 -7.55796456718e-06 -7.03385180086e-06 1.1728775347e-06 2.83828896728e-06 6.54954156935e-06 -5.20189569759e-06 -1.18422182639e-06 -8.48915836588e-07 2.71816139564e-06 8.97660017243e-07 7.45872776472e-06 8.31497192301e-06 -1.60739529773e-06 1.06575093355e-05 -3.83011964666e-06 -2.17821045599e-06 4.04851051913e-06 -1.55682295192e-06 1.39595693036e-06 4.16929080839e-06 -1.51676983756e-06 -6.98624297987e-07 -7.59034090223e-06 1.10479515648e-06 -3.82233574641e-06 3.16794697151e-06 -1.78474317378e-06 -6.54591957261e-06 2.87099592238e-06 9.69414164815e-06 -3.14357725083e-06 1.93491038477e-06 5.97836383093e-06 -5.00036510988e-06 -4.24118860155e-07 7.58316163607e-06 4.03423732832e-06 1.50656581453e-06 3.21696421863e-06 -1.33179334062e-05 1.57420272111e-06 -3.16702763803e-07 
3.82702749702e-06 -1.75701775129e-06 6.06471703475e-06 3.80726902155e-06 5.71535585789e-06 -4.06790937006e-06 0.000370915836232 2.76291841009e-06 -2.01377298575e-06 2.88991650189e-06 2.90985402517e-06 2.68147957739e-06 -1.63844721046e-06 6.1076047715e-06 -1.53737010647e-06 -2.43238553807e-06 1.30250863339e-06 -4.06563983469e-06 -1.34053515428e-07 5.77134301402e-06 -2.42137726895e-06 -3.45781305131e-06 4.6977288291e-06 3.28290122631e-06 1.25372638681e-06 9.93399331864e-07 -3.36186098931e-06 -1.7826940077e-06 -1.71682881065e-06 2.01388082482e-06 1.81691647022e-06 -1.12916223532e-06 -1.87323447958e-07 -3.96905865769e-06 6.73182219836e-06 3.15408959463e-06 5.7818521864e-06 3.50991578478e-07 -5.04351075644e-06 1.05770080995e-06 1.1205160068e-05 4.60233196449e-06 -3.15791038378e-06 -4.6280825932e-06 5.27229980899e-06 -4.90224246031e-06 9.84342823038e-07 3.65705610736e-06 5.07817189166e-06 -2.23177824474e-06 1.89028466611e-07 9.90297130045e-06 4.93617166293e-06 -1.90466378884e-07 3.66270716635e-07 -9.72165104755e-07 -3.36955082655e-06 1.14824112418e-05 -2.12102092281e-06 1.5630887207e-06 -5.42494751874e-06 5.93775000205e-07 4.76180850704e-07 -4.02829606149e-07 -4.00132267591e-06 -9.37192352162e-06 5.76508254863e-06 5.8181393833e-06 -7.63292835962e-06 3.5348256356e-06 3.19126724647e-06 2.36826431011e-06 7.38630836704e-07 1.31653050277e-05 4.30093326045e-06 1.49918779676e-06 -1.96964811547e-06 -2.10476175247e-06 1.12636731666e-05 -7.81412585125e-06 7.6548757594e-06 2.49715739517e-06 -5.78021827901e-06 9.72141438839e-07 -2.34074888485e-06 3.13914393136e-07 7.29875205397e-06 2.81506517946e-06 8.71285452661e-06 2.18262089888e-06 3.92301408905e-06 9.7610884667e-07 -2.01873563201e-06 -9.26743635023e-07 -3.35342068643e-07 7.58862944449e-06 4.04942814402e-06 1.97273700664e-06 -5.60153810461e-06 1.32525426332e-06 
9.43832535287e-06 8.48503306044e-06 1.07986477892e-05 6.43896553992e-06 -7.19528993723e-07 1.02063637975e-05 2.76291841009e-06 0.000657049553618 6.48622444881e-06 5.21322165432e-06 3.24297788316e-06 1.05929619206e-05 1.48667824609e-06 -3.49243445703e-06 6.0991011215e-06 5.16673988487e-06 1.9524870309e-06 8.33978899978e-06 7.07355418895e-06 8.62211195134e-06 5.71759587905e-06 -2.36162116778e-06 -1.43778100636e-05 -2.88175129376e-06 -5.22836764847e-06 3.20869606944e-06 -7.93324793509e-07 1.82185715768e-06 -1.50791446597e-06 3.2643851964e-06 1.2238231188e-06 8.7563093643e-06 3.92525678936e-06 2.66180070996e-06 2.82709111756e-06 -1.23355877391e-06 1.86210032101e-06 3.78689140611e-06 2.18560849395e-06 -2.284004617e-06 5.9253113236e-06 -8.13562555141e-06 2.28949987862e-06 -2.27407343238e-06 6.20571173543e-06 -3.31228347367e-06 6.03039381547e-07 2.20035917889e-06 6.29455948304e-06 1.22601249689e-05 3.91289924073e-07 -3.49029227304e-06 2.08300922291e-06 -4.99144759813e-06 1.13160566546e-06 -5.93895339654e-06 8.38687083682e-07 -5.34475971979e-06 -4.69774357083e-06 -1.11201666528e-06 -3.34832780255e-07 2.32628307411e-06 7.74347302337e-06 9.52849176101e-06 -2.58650212548e-06 5.64604682551e-08 -5.38988322304e-06 -1.71610894242e-06 -8.77651421657e-06 -1.00612567783e-05 3.48269549202e-06 -3.17185640195e-06 5.78212788077e-06 6.75338714935e-06 -3.69716938103e-06 5.06844477694e-06 6.94357610785e-06 1.05381587227e-05 -4.5990894229e-06 2.85923049713e-06 -2.56777983742e-06 -2.00361144986e-06 4.67879517033e-06 -3.82254528965e-06 -1.09855896854e-05 2.08029319044e-06 6.26587330509e-06 -8.15086208834e-06 8.20645573373e-06 -7.54214620147e-07 3.75271047204e-06 -4.55067986101e-07 5.76294671988e-06 -3.7162865029e-06 3.93003924954e-06 3.45431588699e-06 9.56015686291e-06 1.19284260207e-05 7.47629210547e-06 -4.60581017781e-06 
6.0070592218e-06 -4.62885635364e-06 9.98402028357e-06 -1.78584483643e-07 -4.06390722241e-06 -6.8291860445e-06 -2.01377298575e-06 6.48622444881e-06 0.00072913888511 -8.07226303049e-06 -7.12663504945e-06 4.80182604253e-07 2.91714384127e-06 -3.66508876326e-06 -9.65870103078e-06 -2.26049784019e-06 -2.86973881153e-06 2.34444304407e-06 -5.23501069987e-06 8.3345013855e-06 4.87949398555e-06 4.24259812727e-06 -6.30643409226e-06 5.94253599078e-06 4.31455845112e-06 8.71504510913e-06 -5.35977851941e-07 8.09644643059e-07 6.37719991864e-06 1.02717848025e-05 3.31953426872e-06 9.26419964292e-06 4.52956865187e-06 -1.58306903912e-06 -1.93051959166e-06 -8.31246105921e-06 -1.8547015016e-06 1.02049189588e-05 -1.21802288049e-06 -3.6587800488e-07 4.32012878128e-06 2.35242850744e-06 -6.46072270474e-06 3.19358943912e-06 -8.7412942296e-07 7.88623109715e-06 9.42049021872e-06 1.18945195022e-05 -5.16359848202e-06 1.29042429156e-07 9.40579606917e-06 -1.23171140158e-05 -4.97794319175e-06 -7.80353093438e-06 1.76789569402e-05 -7.35403884012e-06 -2.35772262065e-06 -1.51225627119e-06 -4.21515084254e-06 -3.70706263296e-06 -1.05860328464e-05 -5.0721905232e-06 -3.24235958091e-06 -8.67876924862e-06 2.85661671521e-06 7.55019741665e-06 8.93558202669e-06 8.99960660064e-06 -8.19899659304e-06 2.90795415439e-06 9.22473102778e-07 -7.81767544244e-06 5.04875285601e-07 1.18239772197e-05 4.8734844489e-06 1.43796497693e-07 8.40494530804e-06 -1.00694971665e-05 5.07512494441e-06 4.51175909733e-06 1.40391450943e-05 -1.15533875886e-05 2.89368587552e-06 5.73203766053e-06 -1.32835186983e-06 -6.69557248339e-06 -5.44500931764e-06 -3.5326523033e-06 -9.57369630904e-06 6.28465594634e-06 -3.1025017697e-06 -6.03682439872e-06 -6.93301444253e-06 -5.6262589012e-06 7.51909217052e-06 -9.37238663169e-06 -5.27576726032e-06 3.19907977222e-07 2.84570439851e-06 -8.05816335255e-06 
5.74533054577e-06 4.77196500689e-06 9.0831392914e-06 3.53732666975e-06 -1.08361011861e-05 4.51901088615e-06 2.88991650189e-06 5.21322165432e-06 -8.07226303049e-06 0.00062836666096 -7.36747243945e-06 -8.30923772763e-08 7.29136576449e-06 5.81305399121e-07 5.6505514372e-06 -1.1855035159e-06 -1.44466964447e-06 -6.22564565313e-06 -4.51303241092e-06 8.39193429141e-06 -3.28418651677e-06 2.56811621764e-06 4.84041636717e-06 2.27927250075e-07 -1.71493591185e-06 1.33515598593e-05 6.08534625815e-06 -1.78241418261e-06 5.6274655045e-06 1.09834155775e-05 7.0288236177e-06 4.2636079917e-06 6.34452803936e-06 -5.85886988616e-06 -5.93166238197e-06 -8.36017667939e-07 -6.90409429288e-06 -5.69295445431e-06 4.96930765345e-06 -6.11629686917e-06 3.39910409715e-06 -7.37669883279e-06 -6.36750081356e-06 -4.46994102658e-06 -6.5357133651e-06 -1.51214970801e-05 -3.41053302958e-06 1.290353907e-05 -1.79121518128e-06 -4.10711970623e-06 -7.43790479356e-06 -8.80395768867e-06 1.45989983022e-06 2.35184514713e-07 -8.03454209901e-06 -7.23994519907e-07 -6.53944809958e-06 3.43512908131e-06 -2.39659814799e-07 4.79709992102e-06 3.78113040031e-07 -1.1059560442e-06 -7.55646349828e-07 3.89980932607e-06 -4.94912893061e-06 1.42435174283e-05 -3.68554828647e-08 -2.57625807368e-06 -5.31873529375e-07 3.83758899479e-06 1.09091232879e-05 3.15669439066e-06 -1.46886761081e-06 8.81445671043e-06 -1.33019551893e-06 -1.35577282621e-06 4.04832451027e-07 2.94115611183e-08 5.87286071851e-06 2.45838235197e-06 -1.45382279628e-06 -4.24391398332e-06 -6.6704871112e-06 -1.04475264379e-05 -7.33585314761e-06 -5.61131213287e-06 -4.74656718496e-06 1.28744848291e-05 7.66832164518e-07 5.71413464299e-06 -7.72857200895e-06 8.65079300184e-06 4.07015938823e-06 1.96250217999e-05 -9.69553771185e-06 -5.29320389343e-06 2.65680391577e-06 -3.88654947052e-06 1.46463950377e-05 6.72888083192e-06 
-6.89719472796e-06 7.1547314639e-06 8.31629790413e-06 1.70003956799e-06 -6.28423290921e-07 -5.81028386108e-06 2.90985402517e-06 3.24297788316e-06 -7.12663504945e-06 -7.36747243945e-06 0.000527133967143 4.95498403586e-06 3.01520824903e-06 -1.09902590152e-05 -1.22268835206e-05 4.10676843451e-06 -1.54111779094e-06 1.08521633064e-05 -3.07808166855e-06 -3.42176630674e-06 -1.22615697444e-06 -2.80710803806e-06 3.44752246053e-06 -1.05676073242e-06 -1.90498012557e-06 5.93845439804e-06 1.54957972647e-06 1.92493803908e-06 -4.93342977774e-06 -3.29983332916e-06 -2.35783969896e-06 3.31119040746e-06 -1.02789101786e-05 1.06312112218e-05 1.37237679418e-05 -2.73374896287e-07 5.15059254652e-06 -6.94943837901e-07 1.28189253308e-05 2.14352509021e-06 -6.31515812998e-06 1.37696667332e-06 6.98545104068e-08 2.88911325995e-07 -6.05458859414e-06 -4.59670500448e-06 -2.31214300324e-06 1.93116461779e-06 -1.32308689986e-05 -9.27609097088e-06 -1.22633908939e-06 -5.38633706341e-06 3.81939574157e-06 -3.21201816782e-06 4.77478970717e-07 -5.21319159948e-06 -4.08764451333e-06 -1.8780960611e-06 4.08838426883e-06 2.06235931549e-06 -1.98225388338e-06 1.36105287647e-05 -8.65775300907e-09 6.29457733133e-06 1.72962140061e-06 8.65985218488e-06 -3.04138263179e-06 9.34186349308e-06 1.09666952072e-05 -1.53808416064e-05 1.17485586828e-05 -8.73405367069e-07 -4.14396396021e-06 3.18739271918e-06 3.00019541368e-06 6.79911365572e-06 3.73276183277e-06 1.59655502179e-06 1.76487914862e-06 -2.68854343626e-06 1.07447168866e-05 -4.25121316674e-06 5.53025996558e-06 -3.92030097076e-06 -1.34760171317e-06 4.65183520081e-06 4.18224993999e-06 8.01857156378e-06 4.79933586544e-06 -3.8644156025e-06 6.30753290261e-06 2.9234676959e-06 -1.3763047012e-06 6.08482492335e-06 5.10170403738e-06 -1.66637147675e-06 -9.82909993289e-07 -3.14957010419e-06 2.37351367065e-06 -4.39616936224e-07 
-4.9489133966e-06 3.03850298225e-06 7.56683910888e-06 -2.12301489473e-06 8.07180154347e-06 -7.61067221537e-06 2.68147957739e-06 1.05929619206e-05 4.80182604253e-07 -8.30923772763e-08 4.95498403586e-06 0.000649188901223 -1.76756764715e-06 -9.33093595336e-06 -3.00927835965e-06 -5.01300593042e-06 -2.01800553279e-06 9.87163097465e-06 -2.01715353737e-07 6.55801478793e-06 -1.51987380638e-05 -5.88380257558e-06 -4.70136550445e-06 -9.58927145187e-06 -1.59236338217e-06 5.33305978497e-06 -1.9246595603e-06 -8.00655710085e-06 -1.06978162055e-07 7.75519713131e-06 -2.63546229218e-06 -1.58304591326e-05 9.4437657813e-08 1.44069563627e-06 3.71647388707e-06 -2.36083732373e-06 -3.98857983613e-06 1.62244302579e-06 5.87839729213e-06 -9.35541268117e-06 8.98691907228e-06 -2.30338895846e-06 2.33686570634e-06 1.04930204955e-06 1.07966044222e-05 1.05540113727e-05 -3.08935702975e-06 -6.44153409607e-06 9.08972607058e-06 -5.57431029134e-06 -6.11645970338e-07 2.75983116103e-06 -5.26071381195e-07 1.39269969753e-06 2.71630853026e-06 4.19898044589e-07 1.7608251692e-06 4.69372409863e-06 4.71319397809e-06 6.90154778289e-06 -4.59594282382e-07 5.63153151239e-07 -9.98158339061e-06 3.89538076374e-06 6.81415730542e-06 1.45642428096e-06 2.52412081524e-06 1.04919979867e-05 -1.49884298941e-05 5.59315556085e-06 1.01755232496e-05 -6.27126858484e-06 5.08894971355e-06 1.29289972733e-05 -1.06575711522e-06 -1.21534036956e-06 4.90067248714e-06 -2.47264543974e-06 2.88484967963e-06 -8.12823658063e-07 4.54860684764e-06 1.32262162334e-05 -8.42103970974e-07 -4.84222870223e-06 4.66661222392e-06 2.59594607781e-06 -2.09099548023e-06 -8.02074997166e-06 1.23348952151e-05 4.45311655196e-06 -9.13283849509e-07 -5.50136091165e-06 -1.19015095253e-06 2.68029717218e-06 -2.26102771232e-06 -6.71059247315e-07 -7.96826508177e-06 -4.95741525878e-06 -5.49459777594e-06 1.79538439055e-06 
6.63898905379e-06 3.55187218927e-06 -1.45387987868e-06 3.19221165266e-06 -4.33743352608e-07 -4.17547911995e-06 -1.63844721046e-06 1.48667824609e-06 2.91714384127e-06 7.29136576449e-06 3.01520824903e-06 -1.76756764715e-06 0.000610051803038 -1.00946438136e-06 -3.29970038208e-06 -8.20680662666e-06 -7.45575252991e-06 2.37397522251e-06 -4.12466062153e-07 6.72877381049e-07 -1.18358522591e-05 -1.56799690359e-06 -3.45246547458e-06 -2.25988226203e-06 7.75050840445e-06 -3.83795746184e-06 1.87005965147e-05 -1.54048627887e-06 -1.35718234726e-06 -4.90005539216e-06 -1.79985157561e-09 -3.89717039532e-06 -1.74830175552e-06 1.13484382485e-05 1.72062704219e-05 3.53020772105e-07 2.62597472116e-07 -1.31836741315e-05 8.45601344139e-06 6.70878024209e-06 9.13299026116e-07 -1.15085323853e-05 2.09473901715e-06 -5.94733028042e-06 6.4325665725e-06 1.12292993209e-05 1.29351278769e-05 1.09486064042e-06 7.11399429801e-06 -5.72662872968e-06 3.27036780617e-06 5.67418432381e-06 -6.86141340122e-06 1.15421750618e-06 3.14704541119e-06 -3.18260957724e-06 -2.83201096867e-06 -7.4315843354e-06 -1.18443275688e-06 1.12245023544e-06 7.86374972693e-06 -1.25855406191e-05 4.56775693535e-06 -1.20355101425e-06 1.32330283683e-06 9.99176340338e-06 -1.60248726505e-07 1.01848192449e-05 8.2976778094e-06 1.22621098039e-05 -2.75161444132e-06 3.80808608478e-06 7.05186747654e-06 -2.09966483323e-06 3.53701145124e-06 2.81785766249e-06 -2.83886917552e-06 7.69673357011e-06 -3.89438699852e-06 9.61889469672e-06 -2.08525999406e-06 8.74978496629e-07 -1.10918103744e-06 4.75791961979e-06 1.22104438729e-05 6.78321297016e-06 4.46843346134e-06 7.6120899477e-06 -1.72756504853e-06 8.20576575681e-07 -1.67701357591e-06 1.85383461116e-06 -7.79194866929e-06 -5.30426228691e-06 7.40519432355e-07 -5.70291395476e-07 1.04221422977e-05 -4.77176211014e-06 -1.65340556987e-05 -2.84825236528e-07 
2.37628791395e-06 -5.00987756473e-06 -5.30467021373e-06 9.03044546523e-06 -4.34420562558e-07 2.12772730782e-06 6.1076047715e-06 -3.49243445703e-06 -3.66508876326e-06 5.81305399121e-07 -1.09902590152e-05 -9.33093595336e-06 -1.00946438136e-06 0.000566036760891 -7.80574470156e-06 -3.95778783133e-06 4.24777993261e-06 2.79127492553e-06 6.17291287269e-06 -7.61333774069e-06 -1.3845783009e-05 1.52924539797e-06 6.58685524345e-06 1.7110471388e-07 -1.89453277747e-06 -5.30343360719e-06 -1.16137124869e-07 -3.33411362918e-06 -1.64840474249e-06 -2.08755897966e-07 -3.16072462567e-06 -1.34143093881e-05 5.18506466462e-07 -3.17315447363e-06 1.02693782995e-06 5.34566158691e-06 -6.00943212122e-06 -1.18747105569e-05 3.67539420013e-06 -1.07629592e-06 -1.72040345142e-07 -6.06051754354e-06 4.10976315947e-06 3.3350392626e-06 7.67881955029e-06 1.97673852893e-06 1.39927436682e-06 -1.86173717597e-06 7.32844778982e-06 -2.60179339818e-06 3.73830737046e-07 -5.86581524243e-06 6.02375324596e-06 2.70093081712e-06 -5.80702328593e-06 2.03524549359e-06 -4.8886450704e-06 8.41973290361e-06 -1.07275261633e-05 6.66899878906e-06 -1.34736012413e-06 2.78106587179e-06 -6.99101121887e-06 3.49842885467e-06 -7.1093355158e-06 8.17140361157e-06 -2.43584579108e-06 9.53621119487e-06 -4.81636242694e-06 -2.30274427375e-06 5.07635234045e-06 -6.74752810589e-06 4.86307209092e-06 -5.7879601349e-06 5.06336572555e-07 -8.17406734036e-06 1.06815164819e-05 -4.73494852539e-07 3.99292905216e-06 7.06205209452e-06 8.40496803554e-06 7.71062825909e-06 1.52447729344e-08 3.83623448558e-08 4.02736722684e-06 -7.57034118083e-06 -4.51303556362e-06 -5.91601544641e-06 4.97268681706e-06 2.81358395542e-07 2.09151542624e-07 -8.17827014539e-06 -3.54368676132e-06 5.02994972742e-06 2.67848708107e-06 8.89579997106e-07 9.76422320736e-06 3.69111760644e-06 -3.12480001792e-06 7.69701683134e-06 
-1.02476261539e-05 -4.8064336444e-06 5.82426076396e-06 2.94710603984e-06 -4.09308058185e-06 2.51508730636e-06 -1.53737010647e-06 6.0991011215e-06 -9.65870103078e-06 5.6505514372e-06 -1.22268835206e-05 -3.00927835965e-06 -3.29970038208e-06 -7.80574470156e-06 0.000530557690823 1.88303330852e-06 5.39894303292e-06 3.35794671198e-07 -5.60565847089e-06 6.91422279408e-06 4.69185707661e-06 -4.37075364151e-06 -6.82479790507e-06 3.82033725755e-06 -4.31038885352e-07 -8.39857151311e-06 7.59781869893e-07 -1.92107486075e-06 7.79162416028e-06 -8.43857581554e-06 1.32827199229e-05 -9.32231147073e-06 -3.66959212343e-06 7.30524703983e-08 6.93070137972e-06 -4.31935926059e-06 2.30192100805e-06 -2.43932658939e-06 -1.42093670222e-06 -9.65711938868e-06 -6.0598352754e-06 3.58292027727e-06 6.64656007476e-06 -4.35199199608e-06 7.0045415172e-06 3.90433656206e-06 -2.2589655584e-06 -7.90690934472e-06 6.77134118037e-06 -5.7558378415e-06 4.11544543665e-06 -2.68409039579e-06 -1.09506322019e-06 4.86630450243e-06 6.53979877713e-07 -3.60758570058e-06 2.36203600735e-06 -6.09860689156e-06 4.96505248912e-06 -2.22233889359e-06 -5.56399100019e-06 -1.05708304572e-05 -7.09302611915e-06 -8.1924660637e-06 4.85266204145e-06 5.37984844258e-06 4.68368284497e-06 -4.15981335575e-06 -4.76161056659e-07 1.10055186205e-05 1.27220335852e-05 -1.47059740228e-06 -1.14362522013e-05 1.10811993142e-06 -2.85095794045e-06 -6.80338758314e-06 -1.70947054597e-06 -5.43666913213e-06 -9.4687896866e-06 -1.58159171502e-06 9.70617733739e-06 4.96126211964e-06 3.73099179102e-06 -5.44191016249e-06 -9.98684996893e-06 8.5325544339e-07 -1.55550594833e-06 3.35477308713e-06 3.98720283439e-06 -9.27270132674e-07 -1.46573277346e-06 -1.5752912811e-05 -3.91249999952e-07 -2.29295852509e-06 1.00591589883e-07 -1.33747367238e-07 3.79169285691e-07 5.60950716891e-06 -7.912681318e-07 3.71962260564e-06 
5.62594855629e-06 7.05929302227e-06 -1.04575263622e-05 -2.44098187719e-06 -1.07917008438e-06 -8.03435363266e-06 -2.43238553807e-06 5.16673988487e-06 -2.26049784019e-06 -1.1855035159e-06 4.10676843451e-06 -5.01300593042e-06 -8.20680662666e-06 -3.95778783133e-06 1.88303330852e-06 0.000725270288691 1.54537490964e-06 -9.99850177774e-06 1.90565831159e-06 3.82391711823e-06 -1.72635658368e-06 1.95168856138e-06 -1.22821113706e-06 4.68842759479e-06 -8.52365401735e-06 9.358941673e-06 8.43033570709e-06 -2.10001079075e-06 -9.7398659834e-06 -1.31333939023e-06 -3.08174969559e-06 -1.06281940913e-05 1.97668610855e-06 -8.17422125303e-06 -3.48507511825e-06 -2.2633018595e-06 -5.38191533804e-06 -3.88130418444e-07 -1.81789641619e-05 -4.60068570081e-06 3.7020651897e-06 -6.12398681559e-06 -2.79453623758e-06 2.06772074121e-06 7.32273838231e-06 -7.09270629484e-06 -9.36823890951e-06 7.44742715753e-06 5.62312080251e-06 -1.08383835939e-05 1.72924203093e-06 -4.73930158931e-06 1.27890808859e-05 6.02305362141e-06 6.96519047677e-06 1.05121209246e-06 -3.72692104977e-06 -1.12060259858e-05 4.33551075126e-06 1.10494405592e-05 3.94528909465e-08 -1.7400926047e-05 -8.06791468934e-06 -4.3055875812e-06 9.02524801729e-06 4.32431502401e-06 5.66924705515e-06 2.39832959011e-06 3.4327645345e-06 -1.32141986191e-05 1.47331011282e-05 2.22426338027e-06 -2.50286114022e-06 3.07088332402e-06 1.73978984781e-05 3.27011010338e-07 -7.27711792182e-06 -2.11033225381e-06 -2.68105292704e-06 6.2774918499e-06 1.21729603e-05 7.59298969252e-06 3.31548457148e-06 -3.13331980533e-07 4.46263172181e-06 6.46263865943e-06 -7.82119509147e-06 9.83524567659e-06 -6.40395331144e-06 -1.5756428089e-06 -1.86237008857e-06 7.56737284118e-06 -6.22287508704e-06 3.99192127634e-06 1.46132100129e-05 -2.78242340121e-06 8.50989495174e-07 -4.33645273851e-06 2.71335444395e-06 9.33154791439e-06 
2.02488738868e-07 -7.61907809283e-06 7.93302362617e-06 2.76756989308e-06 -3.54671568182e-06 1.26449806929e-06 1.30250863339e-06 1.9524870309e-06 -2.86973881153e-06 -1.44466964447e-06 -1.54111779094e-06 -2.01800553279e-06 -7.45575252991e-06 4.24777993261e-06 5.39894303292e-06 1.54537490964e-06 0.000428282715332 7.71077068389e-06 -7.01895431394e-06 -1.14823279406e-06 2.50310370596e-06 3.31283827237e-06 -7.01528146314e-06 -2.09394075262e-08 6.8359276799e-07 -5.43603218023e-06 -1.32522551645e-06 4.12845673015e-06 -2.48402924837e-06 8.63578019476e-06 -7.89251276754e-06 6.03898622953e-06 -4.62111651535e-07 1.99483637158e-06 7.40792782563e-06 2.98759782024e-06 3.37980670936e-06 4.00492073178e-06 -7.25346867002e-07 -1.52915060686e-06 -1.11589891536e-05 5.3961438903e-06 1.42161988869e-07 7.91910586939e-06 8.21304640212e-06 7.42618543836e-06 -8.29312500162e-06 -4.21487357104e-06 9.10664804182e-07 5.01742377046e-06 5.92310033171e-08 7.39896035965e-07 3.42588194263e-07 -4.08584118827e-06 -1.25237618577e-05 -7.32764619674e-07 -2.76111344011e-06 2.98920074728e-06 -7.15725315515e-07 -5.94113209051e-06 8.63278226041e-06 4.00030578218e-06 -8.50075847996e-06 -1.58794899432e-06 9.06518170529e-06 1.52630005191e-06 9.39327589571e-06 3.34563225513e-06 -1.49410333884e-06 -2.05087492946e-06 5.77559643829e-06 4.08658508425e-06 -5.04901450401e-06 -3.20524680703e-06 -7.03278084101e-06 6.65104365011e-06 -1.08471274394e-06 2.34038798677e-07 6.71859638728e-06 8.24980394334e-06 -4.14518538015e-07 -4.20857185756e-06 1.00211039745e-06 4.22982288665e-06 1.5091678178e-06 -5.38132780154e-06 -5.4031985585e-06 3.96404686689e-06 2.41677525257e-06 1.00448084202e-05 -4.83316263766e-07 -2.01891033211e-06 -3.28032994529e-06 1.59905220981e-05 4.16679427861e-06 -8.62727869698e-06 1.83513586786e-05 -3.43984891445e-06 -1.03856241676e-05 2.99298829723e-07 
-6.04358600903e-06 -7.9522590463e-06 6.41169129835e-06 2.8507779186e-06 -9.74075326336e-06 1.26362591929e-05 -4.06563983469e-06 8.33978899978e-06 2.34444304407e-06 -6.22564565313e-06 1.08521633064e-05 9.87163097465e-06 2.37397522251e-06 2.79127492553e-06 3.35794671198e-07 -9.99850177774e-06 7.71077068389e-06 0.000635275741469 -2.98558150457e-06 2.0438727489e-06 -6.15518671783e-06 -1.11330970651e-05 -1.75958056464e-05 2.28428632154e-06 -2.61663797124e-07 -6.38473621657e-06 -5.59118704302e-06 -9.50470634561e-06 5.45079059784e-06 -1.05996723488e-06 -5.8890201261e-06 -1.11788123578e-05 4.24382421761e-06 8.66111267848e-06 -1.35588328704e-05 8.27217360906e-06 -2.37086522896e-06 2.12587633813e-06 1.08705736292e-07 -1.00310476585e-06 -8.15759898833e-07 7.45665501299e-06 -4.91248240291e-06 -2.19525821501e-06 -7.80253126755e-06 4.94137604779e-06 -1.11194165745e-05 -1.94996827589e-06 -4.94020426426e-06 1.10140989488e-05 -1.72040012371e-06 -2.8002464796e-07 3.41038169822e-06 -6.51080590649e-06 -8.22097700647e-06 -6.27073188276e-07 1.69365912378e-06 -9.83671982964e-07 -4.12486217475e-06 -1.54188813062e-06 7.98578533691e-06 1.63456033326e-06 1.15530448572e-05 5.13141757091e-09 -1.18467816e-05 3.46736011547e-06 5.97265807342e-06 -5.80133499728e-06 -9.03558796657e-07 2.06617394127e-06 1.04083345479e-05 -5.05827053519e-06 -8.05632151271e-06 7.94845775077e-06 -9.37131398919e-06 -2.8161674288e-06 1.87915045434e-06 1.7816878108e-05 5.25633056793e-06 -9.24354399257e-06 -8.9119033896e-06 5.02375236677e-06 7.04040317992e-06 -1.54062021942e-06 -8.17002708532e-06 4.7142615479e-06 -1.24838836524e-05 4.87001547187e-06 -1.36554119346e-05 -3.47230422799e-06 -3.74838927674e-06 -8.24740432305e-06 1.59625678432e-06 -5.315069307e-06 5.68014435048e-06 7.87301301508e-07 1.46081178218e-06 3.20863392383e-06 2.94771513384e-06 -3.10987077763e-06 
1.78125419705e-06 1.01469255494e-06 -7.17185161556e-06 -7.9560433579e-06 -5.56693455414e-07 -8.22179335199e-06 -1.34053515428e-07 7.07355418895e-06 -5.23501069987e-06 -4.51303241092e-06 -3.07808166855e-06 -2.01715353737e-07 -4.12466062153e-07 6.17291287269e-06 -5.60565847089e-06 1.90565831159e-06 -7.01895431394e-06 -2.98558150457e-06 0.000582541709563 1.93769084757e-05 -8.66547340974e-06 -8.14181162336e-06 1.11480749516e-06 -7.72587418371e-06 1.15826800433e-06 -1.01439928574e-05 1.46106380301e-06 -1.18385169801e-07 4.48563700839e-06 7.29725227049e-06 -1.01353562015e-05 -1.09886634168e-05 -6.66262137923e-06 7.99731654321e-06 -1.89217779278e-07 -7.48597699357e-06 -7.32872453103e-06 4.71970414226e-06 3.10440993279e-06 1.52466209164e-05 -2.58691464417e-06 -2.0875024911e-06 2.03294740658e-06 -2.68372092809e-06 -2.85892494313e-06 -4.3689101604e-06 4.69474570196e-06 2.34819387773e-06 5.79716792633e-06 -9.25028806786e-06 -7.87223937027e-06 2.33964044104e-06 3.08466383446e-06 8.28270524226e-06 8.32694578549e-06 1.01725965618e-06 -3.73503970883e-06 5.14748083493e-06 -4.58929172641e-06 -9.98159453478e-06 -6.46522722793e-06 -6.35773175641e-06 -4.24529895621e-06 3.87479800116e-06 -1.08416851876e-05 3.1592145667e-06 9.85701528918e-06 6.56459977579e-06 -8.84854299777e-07 1.23864889151e-06 -5.91101588152e-06 1.6649873986e-06 -4.90912388364e-06 -9.51173306813e-06 -6.05367249626e-06 -2.24598291259e-06 3.12366840697e-06 3.59293149747e-06 2.97275426195e-06 -6.55355059853e-06 6.48013230464e-06 -3.36858122996e-06 -4.98429181529e-06 -5.36861156195e-06 3.4599059224e-06 -8.31966761753e-06 -8.57903174258e-07 -7.96744832765e-06 6.45354344057e-06 1.27714639609e-06 3.31383396966e-06 -4.35280707319e-06 -6.06598827926e-06 -4.91720969524e-09 -1.15625104413e-05 4.70298266526e-06 -2.44171792183e-06 3.60209503297e-06 -6.33792975595e-07 9.01116004445e-06 
-7.45962902549e-06 3.97477302438e-06 -5.29545939452e-06 -2.690878726e-06 1.27690867895e-06 -9.91578640659e-06 5.77134301402e-06 8.62211195134e-06 8.3345013855e-06 8.39193429141e-06 -3.42176630674e-06 6.55801478793e-06 6.72877381049e-07 -7.61333774069e-06 6.91422279408e-06 3.82391711823e-06 -1.14823279406e-06 2.0438727489e-06 1.93769084757e-05 0.000684878965007 -1.69085296015e-06 8.56893083872e-06 -7.12609289526e-06 -1.29319448898e-05 3.41375283608e-06 -5.37420146333e-06 -2.26912594128e-06 7.13741758537e-06 1.12752475714e-05 4.53806829788e-06 -1.03661530212e-05 -3.60655123216e-06 2.49775594025e-06 8.92387338795e-06 -1.91117004053e-06 3.71640822373e-06 -2.93248082275e-06 -8.74256820452e-06 8.47460578781e-06 2.06406199997e-06 -1.77194991167e-05 -4.66907484817e-06 1.65483237944e-06 -7.50698626565e-06 5.53236494484e-06 -7.4236313573e-06 -7.22347536366e-06 -1.82482479671e-06 -4.55308813177e-06 5.04897039591e-06 -1.61583820393e-05 -1.73708934762e-06 -3.13427126394e-06 -6.74508719348e-06 2.10693420844e-06 8.17477565621e-06 -4.03656930071e-06 -4.51972574565e-07 1.26562953766e-07 6.2106137294e-06 -1.13066661589e-06 -9.46773319356e-06 -2.37364926354e-06 1.01507388883e-05 -1.62593864488e-06 -2.42347636787e-06 -1.09593318478e-05 -6.66839900807e-06 1.32765834312e-06 2.68108624931e-06 3.50128286457e-06 -5.04690535065e-06 -1.53404829515e-06 5.54106504317e-06 -1.50944872431e-06 1.29425549427e-05 1.5550218435e-06 -5.24974993703e-06 1.97187488606e-06 1.92529202124e-06 -3.97513817851e-06 -1.3915727206e-06 -1.35064918783e-05 -7.7226854267e-06 3.30732713419e-06 2.17672966001e-06 -3.91667923405e-06 4.80523011226e-06 5.08111453105e-06 -1.94245316028e-07 -3.05506583686e-06 5.62494719472e-06 -4.66046059255e-06 4.2763917762e-06 -7.01092754039e-07 1.40916486514e-06 1.26951648959e-05 1.827990482e-06 -1.65955615458e-05 1.99345606985e-06 
3.63920670981e-06 -1.6500876775e-06 2.50355179957e-06 3.90642270443e-06 -1.34129528717e-05 3.68305139851e-06 -2.42137726895e-06 5.71759587905e-06 4.87949398555e-06 -3.28418651677e-06 -1.22615697444e-06 -1.51987380638e-05 -1.18358522591e-05 -1.3845783009e-05 4.69185707661e-06 -1.72635658368e-06 2.50310370596e-06 -6.15518671783e-06 -8.66547340974e-06 -1.69085296015e-06 0.000739372555489 -1.8341545557e-06 -1.05538577749e-05 2.1483909281e-06 -1.97618683654e-06 -5.054357443e-06 -3.20139164678e-06 -1.08538399587e-05 -4.65478132084e-06 1.75852270828e-06 -6.34463764559e-06 1.78861660547e-06 7.38988690956e-06 2.78884429275e-06 4.36870079828e-06 -6.59947715607e-07 -5.21253445757e-07 -5.04937816298e-06 -2.80030574533e-06 9.10311353609e-06 9.63371393985e-06 1.46404737005e-06 3.46737448894e-06 -4.93933348177e-06 -1.26619538259e-05 1.39129871473e-05 -2.7454601269e-06 -2.86775348054e-06 6.18928798645e-06 9.44941644669e-07 -5.60597705445e-06 5.2615648258e-06 -6.844639671e-06 -3.90410487132e-06 6.3754439654e-06 8.04072961902e-06 3.76158509318e-06 3.85965575151e-06 8.90049575776e-06 2.75259542262e-07 5.85488269053e-06 -6.1641313473e-06 -3.08064185278e-06 -2.11163817451e-06 -5.4462739906e-06 -2.18408355385e-06 1.55385592807e-07 -3.07375541847e-06 -5.35763380483e-06 -2.44948039937e-06 -2.23085566867e-06 -7.12766135642e-07 1.42567009813e-05 1.32048023681e-05 -3.05526854032e-06 5.79748400506e-06 8.21438835348e-06 2.43618318426e-06 3.48485586591e-06 -7.61794731784e-07 7.03574553808e-06 9.02853908232e-06 7.8788126875e-06 -1.03515861073e-05 2.61481936489e-06 3.55926342237e-06 -1.39632508136e-06 -1.23253794831e-06 -8.85071846221e-06 -1.08736879313e-05 -7.82718825385e-06 -4.66196609565e-07 3.1851923636e-06 -6.98376289282e-06 5.81115995203e-06 -3.62641000895e-06 -2.94201316813e-06 -8.63068041232e-07 4.42353953329e-06 -3.80490030157e-06 
